YEAR,APT_NAME,Departures,Arrivals,Total
2016,Abad,128,126,254
2016,Aberdeen,30900,30758,61658
2016,Agen-La Garenne,2151,2277,4428
2016,Ajaccio-Napoléon-Bonaparte,8445,8469,16914
2016,Aktion,2329,2441,4770
2016,Albacete,418,445,863
2016,Albert-Bray,587,608,1195
2016,Alicante,43420,43410,86830
2016,Almeria,4969,4983,9952
2016,Amsterdam - Schiphol,245264,245172,490436
2016,Angers-Marcé,1059,1095,2154
2016,Ankara - Esenboğa,50169,50098,100267
2016,Annecy-Meythet,1645,1786,3431
2016,Annemasse,906,786,1692
2016,Antalya,61584,61630,123214
2016,Antwerp,7910,7900,15810
2016,Asturias,5647,5646,11293
2016,Athens,91115,91128,182243
2016,Avignon-Caumont,2879,3216,6095
2016,Badajoz,643,649,1292
2016,Barcelona,153931,153874,307805
2016,Bastia-Poretta,8093,8054,16147
2016,Beauvais-Tillé,12861,12882,25743
2016,Belfast - Aldergrove,22772,22722,45494
2016,Belfast - City Airport,21232,21228,42460
2016,Belgrade - Nikola Tesla,31715,31705,63420
2016,Bergamo,39800,39838,79638
2016,Bergen,43543,43601,87144
2016,Bergerac-Roumanière,2141,2191,4332
2016,Berlin - Brandenburg,47392,47696,95088
2016,Berlin - Tegel,91931,92028,183959
2016,Biarritz-Bayonne-Anglet,7063,7118,14181
2016,Biggin Hill,6677,6699,13376
2016,Bilbao,20739,20778,41517
2016,Birmingham,55328,55380,110708
2016,Bologna,34584,34547,69131
2016,Bordeaux-Mérignac,32250,32285,64535
2016,Bratislava,10455,10496,20951
2016,Bremen,16324,16428,32752
2016,Brest-Bretagne,7730,7679,15409
2016,Brindisi,8926,8929,17855
2016,Bristol,32317,32684,65001
2016,Brive-Souillac,1635,1682,3317
2016,Brno-Tuřany,4593,4632,9225
2016,Brussels,109057,109063,218120
2016,Bucharest - Băneasa,1690,1686,3376
2016,Bucharest - Otopeni,53877,53833,107710
2016,Budapest - Ferihegy,47894,47849,95743
2016,Burgos,62,66,128
2016,Bydgoszcz,1640,1650,3290
2016,Bâle-Mulhouse,38694,38677,77371
2016,Béziers-Vias,2786,2854,5640
2016,Caen-Carpiquet,2705,2757,5462
2016,Calvi-Sainte-Catherine,3120,3133,6253
2016,Cannes-Mandelieu,6862,6876,13738
2016,Carcassonne-Salvaza,2531,2613,5144
2016,Cascais,2152,1860,4012
2016,Catania,30803,30788,61591
2016,Chambéry-Aix-les-Bains,3256,3346,6602
2016,Charleroi,24880,24859,49739
2016,Chișinău,11128,11170,22298
2016,Châlons-Vatry,1905,1939,3844
2016,Châteauroux-Déols,1164,1232,2396
2016,Clermont-Ferrand-Auvergne,6562,6610,13172
2016,Cologne-Bonn,66990,67403,134393
2016,Connaught,3200,3208,6408
2016,Copenhagen - Kastrup,132849,132919,265768
2016,Cordoba,104,99,203
2016,Corfu,11074,10998,22072
2016,Cork,11902,11896,23798
2016,Deauville-Normandie,1859,1938,3797
2016,Dinard-Pleurtuit-Saint-Malo,1723,1739,3462
2016,Donegal,952,959,1911
2016,Dresden,11360,11395,22755
2016,Dublin,107001,107047,214048
2016,Dusseldorf,108488,108553,217041
2016,Dôle-Tavaux,1313,1362,2675
2016,East Midlands,32589,32735,65324
2016,Edinburgh,60611,60608,121219
2016,Erfurt,2521,2590,5111
2016,Farnborough,11944,11926,23870
2016,Faro,26494,26515,53009
2016,Figari-Sud Corse,5229,5278,10507
2016,Flores,747,747,1494
2016,Frankfurt,231422,231481,462903
2016,Fuerteventura,22229,22242,44471
2016,Gdansk,18906,18945,37851
2016,Geneva,91555,91524,183079
2016,Gerona,6632,6811,13443
2016,Glasgow,46290,46214,92504
2016,Gran Canaria,54813,54620,109433
2016,Granada,4145,4159,8304
2016,Graz,9158,9195,18353
2016,Grenoble-Isère,3170,3206,6376
2016,Groningen,4471,4523,8994
2016,Göteborg,35281,35294,70575
2016,Hamburg,76116,76207,152323
2016,Hanover,30914,31021,61935
2016,Haugesund,3485,3485,6970
2016,Helsinki - Vantaa,84285,84296,168581
2016,Heraklion,25381,25368,50749
2016,Hierro,1665,1691,3356
2016,Horta,2244,2271,4515
2016,Hyères-Le Palyvestre,5405,5412,10817
2016,Ibiza,34676,34692,69368
2016,Innsbruck,9417,9433,18850
2016,Istanbul Atatürk,227479,227431,454910
2016,Istanbul Sabiha Gökçen,112708,112632,225340
2016,Istres-Le Tubé,1905,1879,3784
2016,Izmir - Adnan Menderes,39975,40028,80003
2016,Jerez De La Frontera,7151,7158,14309
2016,Karlovy Vary,894,927,1821
2016,Katowice - Pyrzowice,14099,14131,28230
2016,Kaunas,3559,3557,7116
2016,Kefallinia,2649,2695,5344
2016,Kerry - Farranfore,2044,2048,4092
2016,Khania - Souda,13214,13242,26456
2016,Kiev - Boryspil,37169,37190,74359
2016,Klagenfurt,3387,3376,6763
2016,Kos,7725,7722,15447
2016,Krakow - Balice,22513,22529,45042
2016,La Coruna,5306,5381,10687
2016,La Gomera,715,721,1436
2016,La Palma,7946,7959,15905
2016,La Rochelle-Ile de Ré,2562,2593,5155
2016,Lannion,728,748,1476
2016,Lanzarote,26694,26697,53391
2016,Larnaca,27158,27203,54361
2016,Le Havre-Octeville,474,509,983
2016,Le Mans,730,776,1506
2016,Leipzig-Halle,30813,30834,61647
2016,Leon,518,522,1040
2016,Liepaja,3,2,5
2016,Lille-Lesquin,11998,11977,23975
2016,Limoges-Bellegarde,3258,3292,6550
2016,Linz,6255,6303,12558
2016,Lisbon,91206,91343,182549
2016,Liège,16362,16376,32738
2016,Ljubljana,13620,13638,27258
2016,Lleida - Alguaire,218,232,450
2016,Lodz - Lublinek,2347,2347,4694
2016,Logrono,338,337,675
2016,London - City,42504,42503,85007
2016,London - Gatwick,140031,140049,280080
2016,London - Heathrow,237524,237540,475064
2016,London - Luton,65452,65462,130914
2016,London - Stansted,89487,89481,178968
2016,Londonderry - Eglinton,1072,1073,2145
2016,Lorient-Lann Bihoué,2979,2931,5910
2016,Lublin,1634,1643,3277
2016,Luxembourg,32762,32790,65552
2016,Lučko,268,237,505
2016,Lyon-Bron,4730,4728,9458
2016,Lyon-Saint-Exupéry,55346,55292,110638
2016,Maastricht-Aachen,4181,4230,8411
2016,Madeira,12209,12228,24437
2016,Madrid - Barajas,189062,189016,378078
2016,Madrid - Cuatro Viento,1023,978,2001
2016,Madrid - Getafe,1197,1136,2333
2016,Madrid - Torrejon,885,952,1837
2016,Mahon,15512,15506,31018
2016,Malta,22210,22292,44502
2016,Manchester,96071,96083,192154
2016,Maribor,772,795,1567
2016,Marseille-Provence,48251,48030,96281
2016,Melilla,4109,4118,8227
2016,Metz-Nancy-Lorraine,2925,2959,5884
2016,Mikonos,6529,6518,13047
2016,Milan - Linate,58538,58563,117101
2016,Milan - Malpensa,83395,83375,166770
2016,Montpellier-Méditerranée,14124,14199,28323
2016,Muenster-Osnabrueck,8402,8785,17187
2016,Munich,195885,195859,391744
2016,Murcia San Javier,4107,4130,8237
2016,Málaga,61043,60990,122033
2016,Nantes-Atlantique,26595,26610,53205
2016,Naples,31429,31442,62871
2016,Nice-Côte d’Azur,69787,69762,139549
2016,Noain Pamplona,1706,1690,3396
2016,Nuremberg,24763,25021,49784
2016,Nîmes-Garons,2192,2130,4322
2016,Olsztyn-Mazury,643,647,1290
2016,Oslo - Gardermoen,122580,122513,245093
2016,Ostend-Bruges,3337,3384,6721
2016,Ostrava,3182,3177,6359
2016,Palanga,1783,1782,3565
2016,Palma - Son San Juan,149,149,298
2016,Palma de Mallorca,98722,98708,197430
2016,Paphos,7980,7967,15947
2016,Paris-Charles-de-Gaulle,239719,239480,479199
2016,Paris-Le Bourget,26364,26319,52683
2016,Paris-Orly,118787,118921,237708
2016,Pau-Pyrénées,5482,5361,10843
2016,Perpignan-Rivesaltes,4242,4265,8507
2016,Pisa San Giusto,21039,20920,41959
2016,Podgorica,5708,5707,11415
2016,Poitiers-Biard,2571,2664,5235
2016,Ponta Delgada,7969,7972,15941
2016,Porto,39350,39370,78720
2016,Porto Santo,1672,1706,3378
2016,Portorož,720,737,1457
2016,Poznan - Lawica,9198,9218,18416
2016,Prague,65974,66052,132026
2016,Quimper-Pluguffan,1275,1302,2577
2016,Radom,673,656,1329
2016,Rennes-Saint-Jacques,8777,8746,17523
2016,Reus,3457,3878,7335
2016,Riga,33858,33917,67775
2016,Rodez-Marcillac,1794,1853,3647
2016,Rodos,18698,18752,37450
2016,Rome - Ciampino,25239,25263,50502
2016,Rome - Fiumicino,156970,156966,313936
2016,Rota,2666,2631,5297
2016,Rotterdam,12862,12929,25791
2016,Rzeszow - Jasionka,3976,3986,7962
2016,Saarbruecken,4678,4761,9439
2016,Sabadell,1059,420,1479
2016,Saint-Etienne-Bouthéon,1610,1653,3263
2016,Saint-Nazaire-Montoir,1539,1584,3123
2016,Salamanca Matalan,1367,1395,2762
2016,Salzburg,13856,13897,27753
2016,San Sebastian,2640,2659,5299
2016,Santa Maria,1391,1372,2763
2016,Santander,3999,4005,8004
2016,Santiago,9960,9863,19823
2016,Santorini,7438,7448,14886
2016,Sarajevo,5305,5317,10622
2016,Sevilla,19459,19437,38896
2016,Seville - Moron,2868,2855,5723
2016,Shannon,10788,10744,21532
2016,Siauliai,881,864,1745
2016,Sion,2716,2673,5389
2016,Skiathos,2004,2029,4033
2016,Skopje,7609,7611,15220
2016,Sligo,23,29,52
2016,Sofia,25307,25294,50601
2016,Son Bonet,230,230,460
2016,Southampton,20774,20795,41569
2016,Stavanger,33825,33875,67700
2016,Stockholm - Arlanda,117256,117281,234537
2016,Stockholm - Bromma,26408,26453,52861
2016,Strasbourg-Entzheim,10817,10832,21649
2016,Stuttgart,59534,59489,119023
2016,Szczecin - Goleniów,2548,2546,5094
2016,Tallinn,18575,18564,37139
2016,Tarbes-Lourdes Pyrénées,3392,3410,6802
2016,Tartu,732,727,1459
2016,Tbilisi,11943,11882,23825
2016,Tenerife North,26220,26252,52472
2016,Tenerife Sur - Reina Sofia,32200,32178,64378
2016,Thessaloniki,26667,26703,53370
2016,Tirana,11159,11160,22319
2016,Torino Caselle,21116,21110,42226
2016,Toulouse-Blagnac,45699,45278,90977
2016,Tours-Val de Loire,1659,1674,3333
2016,Toussus-le-Noble,4820,4678,9498
2016,Treviso,8872,8867,17739
2016,Trondheim,28720,28713,57433
2016,Valencia,27651,27654,55305
2016,Valencia - Requena,51,49,100
2016,Valladolid,1454,1455,2909
2016,Venice,44982,44987,89969
2016,Ventspils,6,6,12
2016,Vienna,120888,120887,241775
2016,Vigo,4747,4796,9543
2016,Vilnius,20343,20358,40701
2016,Vitoria,3209,3207,6416
2016,Warszawa - Chopina,76963,76842,153805
2016,Warszawa - Modlin,9501,9543,19044
2016,Waterford,558,538,1096
2016,Weston,510,611,1121
2016,Wroclaw - Strachowice,12099,12096,24195
2016,Yerevan,9267,9139,18406
2016,Zagreb,19798,19820,39618
2016,Zakinthos,5480,5469,10949
2016,Zaragoza,3811,3808,7619
2016,Zielona Gora - Babimost,432,437,869
2016,Zürich,131345,131265,262610
2017,Abad,139,140,279
2017,Aberdeen,31324,31263,62587
2017,Agen-La Garenne,2335,2430,4765
2017,Ajaccio-Napoléon-Bonaparte,8742,8753,17495
2017,Aktion,2663,2777,5440
2017,Albacete,406,430,836
2017,Albert-Bray,460,473,933
2017,Alicante,47557,47576,95133
2017,Almeria,5076,5084,10160
2017,Amsterdam - Schiphol,254159,254140,508299
2017,Angers-Marcé,918,958,1876
2017,Ankara - Esenboğa,56361,56259,112620
2017,Annecy-Meythet,1538,1668,3206
2017,Annemasse,848,706,1554
2017,Antalya,76976,76941,153917
2017,Antwerp,6968,6996,13964
2017,Asturias,6143,6140,12283
2017,Athens,94898,94783,189681
2017,Avignon-Caumont,3171,3406,6577
2017,Badajoz,695,706,1401
2017,Barcelona,161771,161700,323471
2017,Bastia-Poretta,8096,8056,16152
2017,Beauvais-Tillé,11539,11538,23077
2017,Belfast - Aldergrove,24135,24109,48244
2017,Belfast - City Airport,18787,18792,37579
2017,Belgrade - Nikola Tesla,32042,32038,64080
2017,Bergamo,42907,42942,85849
2017,Bergen,41803,41850,83653
2017,Bergerac-Roumanière,2255,2303,4558
2017,Berlin - Brandenburg,49907,50215,100122
2017,Berlin - Tegel,85890,85992,171882
2017,Biarritz-Bayonne-Anglet,7264,7296,14560
2017,Biggin Hill,7773,7792,15565
2017,Bilbao,21980,22008,43988
2017,Birmingham,59579,59564,119143
2017,Bologna,35661,35599,71260
2017,Bordeaux-Mérignac,33185,33182,66367
2017,Bratislava,11084,11126,22210
2017,Bremen,14973,15101,30074
2017,Brest-Bretagne,7882,7836,15718
2017,Brindisi,8722,8733,17455
2017,Bristol,33743,34028,67771
2017,Brive-Souillac,1517,1558,3075
2017,Brno-Tuřany,5554,5577,11131
2017,Brussels,116354,116365,232719
2017,Bucharest - Băneasa,1951,1958,3909
2017,Bucharest - Otopeni,58160,58094,116254
2017,Budapest - Ferihegy,51130,51136,102266
2017,Burgos,79,85,164
2017,Bydgoszcz,1666,1670,3336
2017,Bâle-Mulhouse,39426,39374,78800
2017,Béziers-Vias,2892,2933,5825
2017,Caen-Carpiquet,2903,2964,5867
2017,Calvi-Sainte-Catherine,3140,3172,6312
2017,Cannes-Mandelieu,6954,6910,13864
2017,Carcassonne-Salvaza,2718,2784,5502
2017,Cascais,2314,2115,4429
2017,Catania,34370,34378,68748
2017,Chambéry-Aix-les-Bains,3440,3488,6928
2017,Charleroi,25562,25508,51070
2017,Chișinău,13565,13594,27159
2017,Châlons-Vatry,2126,2144,4270
2017,Châteauroux-Déols,1169,1225,2394
2017,Clermont-Ferrand-Auvergne,6370,6401,12771
2017,Cologne-Bonn,69175,69657,138832
2017,Connaught,3199,3204,6403
2017,Copenhagen - Kastrup,129611,129699,259310
2017,Cordoba,103,93,196
2017,Corfu,11122,11012,22134
2017,Cork,12639,12626,25265
2017,Deauville-Normandie,1975,2025,4000
2017,Dinard-Pleurtuit-Saint-Malo,1711,1728,3439
2017,Donegal,945,946,1891
2017,Dresden,10744,10789,21533
2017,Dublin,111153,111173,222326
2017,Dusseldorf,110488,110579,221067
2017,Dôle-Tavaux,1324,1384,2708
2017,East Midlands,33713,33779,67492
2017,Edinburgh,63639,63629,127268
2017,Erfurt,2882,2967,5849
2017,Farnborough,12897,12892,25789
2017,Faro,29597,29615,59212
2017,Figari-Sud Corse,5366,5396,10762
2017,Flores,784,790,1574
2017,Frankfurt,237747,237788,475535
2017,Fuerteventura,23540,23549,47089
2017,Gdansk,20095,20106,40201
2017,Geneva,91811,91780,183591
2017,Gerona,7606,7942,15548
2017,Glasgow,47639,47512,95151
2017,Gran Canaria,57961,57829,115790
2017,Granada,4523,4530,9053
2017,Graz,9504,9542,19046
2017,Grenoble-Isère,3498,3536,7034
2017,Groningen,4736,4816,9552
2017,Göteborg,36308,36328,72636
2017,Hamburg,77171,77307,154478
2017,Hanover,31172,31267,62439
2017,Haugesund,3075,3077,6152
2017,Helsinki - Vantaa,88305,88692,176997
2017,Heraklion,26936,26936,53872
2017,Hierro,1891,1922,3813
2017,Horta,2288,2283,4571
2017,Hyères-Le Palyvestre,5583,5560,11143
2017,Ibiza,36664,36672,73336
2017,Innsbruck,9658,9680,19338
2017,Istanbul Atatürk,225522,225559,451081
2017,Istanbul Sabiha Gökçen,107036,107108,214144
2017,Istres-Le Tubé,1298,1272,2570
2017,Izmir - Adnan Menderes,41422,41393,82815
2017,Jerez De La Frontera,7568,7574,15142
2017,Karlovy Vary,830,881,1711
2017,Katowice - Pyrzowice,15870,15895,31765
2017,Kaunas,5621,5634,11255
2017,Kefallinia,2838,2880,5718
2017,Kerry - Farranfore,2065,2074,4139
2017,Khania - Souda,12997,13024,26021
2017,Kiev - Boryspil,43784,43809,87593
2017,Klagenfurt,3722,3707,7429
2017,Kos,8743,8732,17475
2017,Krakow - Balice,24837,24867,49704
2017,La Coruna,5625,5676,11301
2017,La Gomera,746,740,1486
2017,La Palma,8531,8544,17075
2017,La Rochelle-Ile de Ré,2399,2472,4871
2017,Lannion,628,640,1268
2017,Lanzarote,28997,29007,58004
2017,Larnaca,31010,31002,62012
2017,Le Havre-Octeville,462,480,942
2017,Le Mans,749,783,1532
2017,Leipzig-Halle,33022,33053,66075
2017,Leon,492,617,1109
2017,Liepaja,115,116,231
2017,Lille-Lesquin,12149,12116,24265
2017,Limoges-Bellegarde,3417,3430,6847
2017,Linz,6015,6075,12090
2017,Lisbon,101640,101787,203427
2017,Liège,16251,16234,32485
2017,Ljubljana,15111,15121,30232
2017,Lleida - Alguaire,252,265,517
2017,Lodz - Lublinek,1979,1980,3959
2017,Logrono,356,361,717
2017,London - City,40180,40202,80382
2017,London - Gatwick,142981,142964,285945
2017,London - Heathrow,237957,238006,475963
2017,London - Luton,67544,67539,135083
2017,London - Stansted,94080,94076,188156
2017,Londonderry - Eglinton,1133,1135,2268
2017,Lorient-Lann Bihoué,3024,2991,6015
2017,Lublin,2005,2006,4011
2017,Luxembourg,35299,35368,70667
2017,Lučko,339,297,636
2017,Lyon-Bron,4586,4624,9210
2017,Lyon-Saint-Exupéry,56185,56146,112331
2017,Maastricht-Aachen,4246,4268,8514
2017,Madeira,12682,12732,25414
2017,Madrid - Barajas,193818,193699,387517
2017,Madrid - Cuatro Viento,1319,1231,2550
2017,Madrid - Getafe,736,745,1481
2017,Madrid - Torrejon,880,966,1846
2017,Mahon,15017,15007,30024
2017,Malta,25410,25379,50789
2017,Manchester,101814,101807,203621
2017,Maribor,1003,1033,2036
2017,Marseille-Provence,48777,48696,97473
2017,Melilla,3693,3695,7388
2017,Metz-Nancy-Lorraine,3124,3129,6253
2017,Mikonos,7044,7034,14078
2017,Milan - Linate,58040,58026,116066
2017,Milan - Malpensa,89421,89413,178834
2017,Montpellier-Méditerranée,15297,15431,30728
2017,Muenster-Osnabrueck,9240,9586,18826
2017,Munich,200953,200896,401849
2017,Murcia San Javier,4318,4336,8654
2017,Málaga,67425,67392,134817
2017,Nantes-Atlantique,28827,28840,57667
2017,Naples,37053,37060,74113
2017,Nice-Côte d’Azur,71337,71286,142623
2017,Noain Pamplona,1772,1765,3537
2017,Nuremberg,26550,26845,53395
2017,Nîmes-Garons,2246,2126,4372
2017,Olsztyn-Mazury,647,647,1294
2017,Oslo - Gardermoen,125611,125582,251193
2017,Ostend-Bruges,3236,3254,6490
2017,Ostrava,3321,3342,6663
2017,Palanga,2042,2038,4080
2017,Palma - Son San Juan,149,153,302
2017,Palma de Mallorca,104339,104355,208694
2017,Paphos,8495,8499,16994
2017,Paris-Charles-de-Gaulle,241402,241276,482678
2017,Paris-Le Bourget,26996,26959,53955
2017,Paris-Orly,116001,116138,232139
2017,Pau-Pyrénées,5874,5824,11698
2017,Perpignan-Rivesaltes,4438,4453,8891
2017,Pisa San Giusto,21587,21448,43035
2017,Podgorica,6460,6454,12914
2017,Poitiers-Biard,2628,2713,5341
2017,Ponta Delgada,9726,9716,19442
2017,Porto,43349,43369,86718
2017,Porto Santo,1772,1781,3553
2017,Portorož,776,808,1584
2017,Poznan - Lawica,9704,9740,19444
2017,Prague,71953,72060,144013
2017,Quimper-Pluguffan,1232,1256,2488
2017,Radom,574,568,1142
2017,Rennes-Saint-Jacques,9313,9308,18621
2017,Reus,4022,4285,8307
2017,Riga,37226,37256,74482
2017,Rodez-Marcillac,2012,2096,4108
2017,Rodos,18811,18824,37635
2017,Rome - Ciampino,26360,26324,52684
2017,Rome - Fiumicino,148712,148683,297395
2017,Rota,2909,2833,5742
2017,Rotterdam,11461,11521,22982
2017,Rzeszow - Jasionka,4091,4085,8176
2017,Saarbruecken,4417,4480,8897
2017,Sabadell,1038,432,1470
2017,Saint-Etienne-Bouthéon,1202,1236,2438
2017,Saint-Nazaire-Montoir,1454,1508,2962
2017,Salamanca Matalan,1712,1732,3444
2017,Salzburg,14917,14971,29888
2017,San Sebastian,2844,2864,5708
2017,Santa Maria,1336,1330,2666
2017,Santander,4577,4588,9165
2017,Santiago,10112,10034,20146
2017,Santorini,8410,8401,16811
2017,Sarajevo,5927,5933,11860
2017,Sevilla,20742,20725,41467
2017,Seville - Moron,2364,2320,4684
2017,Shannon,10859,10862,21721
2017,Siauliai,995,996,1991
2017,Sion,2979,2957,5936
2017,Skiathos,2093,2106,4199
2017,Skopje,8194,8210,16404
2017,Sligo,15,17,32
2017,Sofia,28382,28392,56774
2017,Son Bonet,221,210,431
2017,Southampton,21703,21721,43424
2017,Stavanger,31872,31949,63821
2017,Stockholm - Arlanda,124421,124444,248865
2017,Stockholm - Bromma,26624,26635,53259
2017,Strasbourg-Entzheim,11244,11268,22512
2017,Stuttgart,59009,58984,117993
2017,Szczecin - Goleniów,2899,2909,5808
2017,Tallinn,20848,20841,41689
2017,Tarbes-Lourdes Pyrénées,3504,3508,7012
2017,Tartu,840,846,1686
2017,Tbilisi,16110,16110,32220
2017,Tenerife North,29073,29072,58145
2017,Tenerife Sur - Reina Sofia,34252,34216,68468
2017,Thessaloniki,27516,27642,55158
2017,Tirana,12275,12284,24559
2017,Torino Caselle,21939,21914,43853
2017,Toulouse-Blagnac,49691,49300,98991
2017,Tours-Val de Loire,1586,1609,3195
2017,Toussus-le-Noble,5004,4910,9914
2017,Treviso,9850,9856,19706
2017,Trondheim,28312,28282,56594
2017,Valencia,30575,30571,61146
2017,Valencia - Requena,12,10,22
2017,Valladolid,1333,1373,2706
2017,Venice,46076,46071,92147
2017,Ventspils,6,5,11
2017,Vienna,120044,120051,240095
2017,Vigo,5198,5248,10446
2017,Vilnius,19329,19336,38665
2017,Vitoria,3744,3752,7496
2017,Warszawa - Chopina,85603,85456,171059
2017,Warszawa - Modlin,9376,9460,18836
2017,Waterford,215,218,433
2017,Weston,576,588,1164
2017,Wroclaw - Strachowice,13299,13306,26605
2017,Yerevan,10620,10590,21210
2017,Zagreb,20521,20537,41058
2017,Zakinthos,6182,6167,12349
2017,Zaragoza,3936,3920,7856
2017,Zielona Gora - Babimost,403,408,811
2017,Zürich,131822,131727,263549
2018,Abad,147,146,293
2018,Aberdeen,28221,28115,56336
2018,Agen-La Garenne,2154,2241,4395
2018,Ajaccio-Napoléon-Bonaparte,9008,9011,18019
2018,Aktion,2744,2804,5548
2018,Al Massira,8310,8290,16600
2018,Albacete,327,340,667
2018,Albert-Bray,511,523,1034
2018,Alesund,7270,7280,14550
2018,Alicante,48287,48274,96561
2018,Almeria,4911,4923,9834
2018,Alta,4275,4283,8558
2018,Amsterdam - Schiphol,255694,255627,511321
2018,Andenes,2176,2163,4339
2018,Angers-Marcé,837,886,1723
2018,Ankara - Esenboğa,57194,57120,114314
2018,Annecy-Meythet,1486,1655,3141
2018,Annemasse,824,684,1508
2018,Antalya,93058,93073,186131
2018,Antwerp,7569,7601,15170
2018,Asturias,5812,5810,11622
2018,Athens,105621,105763,211384
2018,Avignon-Caumont,3011,3370,6381
2018,Badajoz,800,811,1611
2018,Barcelona,167833,167801,335634
2018,Bardufoss,1835,1831,3666
2018,Bastia-Poretta,8510,8499,17009
2018,Batsfjord,1122,1114,2236
2018,Beauvais-Tillé,11883,11874,23757
2018,Belfast - Aldergrove,25448,25433,50881
2018,Belfast - City Airport,18072,18072,36144
2018,Belgrade - Nikola Tesla,33219,33247,66466
2018,Ben Gurion International,78146,78280,156426
2018,Bergamo,44691,44685,89376
2018,Bergen,42684,42759,85443
2018,Bergerac-Roumanière,2063,2086,4149
2018,Berlevåg,806,807,1613
2018,Berlin - Brandenburg,50393,50661,101054
2018,Berlin - Tegel,92600,92709,185309
2018,Biarritz-Bayonne-Anglet,6915,6978,13893
2018,Biggin Hill,8703,8668,17371
2018,Bilbao,23576,23592,47168
2018,Birmingham,55093,54983,110076
2018,Bodø,19675,19652,39327
2018,Bologna,35713,35701,71414
2018,Bordeaux-Mérignac,34776,34701,69477
2018,Bratislava,11941,11965,23906
2018,Bremen,15471,15566,31037
2018,Brest-Bretagne,8146,8105,16251
2018,Brindisi,9294,9314,18608
2018,Bristol,34969,35168,70137
2018,Brive-Souillac,1512,1541,3053
2018,Brno-Tuřany,5063,5073,10136
2018,Bronnoysund Bronnoy,3576,3586,7162
2018,Brussels,114961,114996,229957
2018,Bucharest - Băneasa,2418,2410,4828
2018,Bucharest - Otopeni,61330,61256,122586
2018,Budapest - Ferihegy,57264,57210,114474
2018,Burgos,148,154,302
2018,Bydgoszcz,2082,2086,4168
2018,Bâle-Mulhouse,40940,40926,81866
2018,Béziers-Vias,3238,3320,6558
2018,Caen-Carpiquet,3533,3613,7146
2018,Calvi-Sainte-Catherine,3085,3103,6188
2018,Cannes-Mandelieu,6903,6900,13803
2018,Carcassonne-Salvaza,2759,2853,5612
2018,Cascais,2481,2433,4914
2018,Catania,37020,37044,74064
2018,Chambéry-Aix-les-Bains,3452,3510,6962
2018,Charleroi,26738,26695,53433
2018,Chișinău,14005,14028,28033
2018,Châlons-Vatry,1684,1705,3389
2018,Châteauroux-Déols,1325,1385,2710
2018,Clermont-Ferrand-Auvergne,6027,6067,12094
2018,Cologne-Bonn,70721,71270,141991
2018,Connaught,3294,3313,6607
2018,Copenhagen - Kastrup,133047,133160,266207
2018,Cordoba,107,105,212
2018,Corfu,13068,13028,26096
2018,Cork,12345,12351,24696
2018,Deauville-Normandie,1791,1845,3636
2018,Dinard-Pleurtuit-Saint-Malo,1482,1539,3021
2018,Donegal,937,940,1877
2018,Dresden,11061,11127,22188
2018,Dublin,116180,116234,232414
2018,Dusseldorf,109163,109228,218391
2018,Dôle-Tavaux,1328,1358,2686
2018,East Midlands,34521,34492,69013
2018,Edinburgh,64778,64747,129525
2018,Erfurt,2804,2934,5738
2018,Farnborough,14788,14715,29503
2018,Faro,29588,29584,59172
2018,Figari-Sud Corse,5386,5429,10815
2018,Flores,846,849,1695
2018,Florø,3966,3958,7924
2018,Forde Bringeland,1994,1999,3993
2018,Frankfurt,256008,256091,512099
2018,Fuerteventura,25296,25290,50586
2018,Gdansk,21548,21583,43131
2018,Geneva,90125,90096,180221
2018,Gerona,7852,8186,16038
2018,Glasgow,45348,45275,90623
2018,Gran Canaria,63985,63880,127865
2018,Granada,5367,5388,10755
2018,Graz,9551,9562,19113
2018,Grenoble-Isère,3654,3716,7370
2018,Groningen,5620,5708,11328
2018,Göteborg,36239,36249,72488
2018,Hamburg,74601,74737,149338
2018,Hammerfest,5591,5616,11207
2018,Hanover,32914,32994,65908
2018,Harstad - Narvik Evenes,5000,5007,10007
2018,Haugesund,3062,3077,6139
2018,Helsinki - Vantaa,96245,96249,192494
2018,Heraklion,29768,29761,59529
2018,Hierro,2308,2339,4647
2018,Honningsvåg Valan,998,1018,2016
2018,Horta,2282,2271,4553
2018,Hyères-Le Palyvestre,6039,6060,12099
2018,Ibiza,37506,37511,75017
2018,Ibn Batouta,5816,5825,11641
2018,Innsbruck,9648,9673,19321
2018,Istanbul Atatürk,228087,228197,456284
2018,Istanbul Sabiha Gökçen,112902,112966,225868
2018,Istres-Le Tubé,1097,1095,2192
2018,Izmir - Adnan Menderes,42038,42043,84081
2018,Jerez De La Frontera,7534,7526,15060
2018,Karlovy Vary,775,830,1605
2018,Katowice - Pyrzowice,18749,18753,37502
2018,Kaunas,4408,4422,8830
2018,Kefallinia,3533,3542,7075
2018,Kerry - Farranfore,2251,2242,4493
2018,Khania - Souda,12627,12585,25212
2018,Kiev - Boryspil,48626,48622,97248
2018,Kirkenes Høybuktmoen,3775,3774,7549
2018,Klagenfurt,3561,3545,7106
2018,Kos,10262,10252,20514
2018,Krakow - Balice,27458,27486,54944
2018,Kristiansand Kjevik,7937,7958,15895
2018,Kristiansund Kvernberget,4963,4943,9906
2018,La Coruna,5747,5795,11542
2018,La Gomera,837,835,1672
2018,La Palma,10615,10657,21272
2018,La Rochelle-Ile de Ré,2511,2590,5101
2018,Lakselv Banak,1211,1205,2416
2018,Lannion,320,338,658
2018,Lanzarote,29761,29772,59533
2018,Larnaca,31997,32009,64006
2018,Le Havre-Octeville,401,403,804
2018,Le Mans,706,738,1444
2018,Leipzig-Halle,37330,37420,74750
2018,Leknes,3162,3166,6328
2018,Lelystad,1611,1544,3155
2018,Leon,583,773,1356
2018,Liepaja,181,180,361
2018,Lille-Lesquin,12522,12482,25004
2018,Limoges-Bellegarde,3118,3149,6267
2018,Linz,6114,6167,12281
2018,Lisbon,108756,108799,217555
2018,Liège,17280,17265,34545
2018,Ljubljana,15808,15815,31623
2018,Lleida - Alguaire,562,587,1149
2018,Lodz - Lublinek,1872,1891,3763
2018,Logrono,348,352,700
2018,London - City,40356,40406,80762
2018,London - Gatwick,141952,142013,283965
2018,London - Heathrow,238881,238943,477824
2018,London - Luton,67866,67906,135772
2018,London - Stansted,100058,100076,200134
2018,Londonderry - Eglinton,1363,1366,2729
2018,Lorient-Lann Bihoué,3021,3010,6031
2018,Lublin,2139,2142,4281
2018,Luxembourg,37406,37469,74875
2018,Lučko,206,193,399
2018,Lyon-Bron,4997,4989,9986
2018,Lyon-Saint-Exupéry,56748,56686,113434
2018,Maastricht-Aachen,4712,4736,9448
2018,Madeira,12179,12188,24367
2018,Madrid - Barajas,204937,204739,409676
2018,Madrid - Cuatro Viento,1157,1115,2272
2018,Madrid - Getafe,756,765,1521
2018,Madrid - Torrejon,897,964,1861
2018,Mahon,15525,15526,31051
2018,Malta,28420,28248,56668
2018,Manchester,100634,100622,201256
2018,Maribor,1102,1129,2231
2018,Marseille-Provence,48909,48861,97770
2018,Mehamn,1213,1194,2407
2018,Melilla,3734,3756,7490
2018,Menara,20573,20654,41227
2018,Metz-Nancy-Lorraine,3282,3293,6575
2018,Mikonos,8256,8255,16511
2018,Milan - Linate,56894,56896,113790
2018,Milan - Malpensa,97231,97203,194434
2018,Mo i Rana Røssvoll,2740,2746,5486
2018,Mohammed V International,44432,44430,88862
2018,Molde Årø,3201,3200,6401
2018,Montijo,134,135,269
2018,Montpellier-Méditerranée,14711,14722,29433
2018,Mosjøen Kjærstad,1915,1919,3834
2018,Muenster-Osnabrueck,9655,9988,19643
2018,Munich,205274,205254,410528
2018,Murcia San Javier,4466,4480,8946
2018,Málaga,68794,68715,137509
2018,Namsos Høknesøra,1347,1350,2697
2018,Nantes-Atlantique,30489,30507,60996
2018,Naples,39648,39681,79329
2018,Newcastle,22678,22664,45342
2018,Nice-Côte d’Azur,71822,71777,143599
2018,Noain Pamplona,1938,1938,3876
2018,Nuremberg,27006,27337,54343
2018,Nîmes-Garons,2279,2172,4451
2018,Olsztyn-Mazury,725,739,1464
2018,Orsta¿Volda Hovden,2445,2450,4895
2018,Oslo - Gardermoen,128771,128703,257474
2018,Ostend-Bruges,3313,3342,6655
2018,Ostrava,3619,3620,7239
2018,Palanga,2083,2080,4163
2018,Palma - Son San Juan,172,158,330
2018,Palma de Mallorca,110098,110108,220206
2018,Paphos,9339,9332,18671
2018,Paris-Charles-de-Gaulle,244144,243973,488117
2018,Paris-Le Bourget,28335,28299,56634
2018,Paris-Orly,116114,116260,232374
2018,Pau-Pyrénées,5923,5853,11776
2018,Perpignan-Rivesaltes,5113,5154,10267
2018,Pisa San Giusto,22203,22059,44262
2018,Podgorica,7061,7044,14105
2018,Poitiers-Biard,2451,2516,4967
2018,Ponta Delgada,9937,9922,19859
2018,Porto,46844,46876,93720
2018,Porto Santo,1475,1490,2965
2018,Portorož,795,829,1624
2018,Poznan - Lawica,12192,12199,24391
2018,Prague,75489,75561,151050
2018,Quimper-Pluguffan,1292,1329,2621
2018,Rabat-Salé,6142,6039,12181
2018,Radom,309,314,623
2018,Rennes-Saint-Jacques,9162,9152,18314
2018,Reus,4161,4268,8429
2018,Riga,41536,41572,83108
2018,Rodez-Marcillac,1848,1894,3742
2018,Rodos,19616,19637,39253
2018,Rome - Ciampino,25843,25859,51702
2018,Rome - Fiumicino,153824,153795,307619
2018,Roros,612,619,1231
2018,Rorvik Ryum,1168,1166,2334
2018,Rost,620,625,1245
2018,Rota,2112,2072,4184
2018,Rotterdam,12436,12479,24915
2018,Rzeszow - Jasionka,4636,4628,9264
2018,Saarbruecken,4541,4655,9196
2018,Sabadell,841,373,1214
2018,Saint-Etienne-Bouthéon,893,903,1796
2018,Saint-Nazaire-Montoir,1319,1339,2658
2018,Salamanca Matalan,1672,1679,3351
2018,Salzburg,14532,14585,29117
2018,San Sebastian,2699,2717,5416
2018,Sandane  Anda,1138,1144,2282
2018,Sandnessjøen Stokka,1932,1932,3864
2018,Santa Maria,1414,1406,2820
2018,Santander,4631,4643,9274
2018,Santiago,10375,10229,20604
2018,Santorini,10085,10081,20166
2018,Sarajevo,6149,6144,12293
2018,Saïss,5361,5402,10763
2018,Sevilla,25247,25289,50536
2018,Seville - Moron,1984,1929,3913
2018,Shannon,11166,11100,22266
2018,Siauliai,1144,1151,2295
2018,Sion,3260,3219,6479
2018,Skiathos,2068,2091,4159
2018,Skopje,8929,8907,17836
2018,Sligo,36,30,66
2018,Sofia,29809,29771,59580
2018,Sogndal Haukåsen,2537,2539,5076
2018,Son Bonet,236,236,472
2018,Sorkjosen,871,875,1746
2018,Southampton,19315,19341,38656
2018,Stavanger,31707,31748,63455
2018,Stockholm - Arlanda,121875,121904,243779
2018,Stockholm - Bromma,27268,27313,54581
2018,Stokmarknes Skagen,3108,3109,6217
2018,Strasbourg-Entzheim,11027,11029,22056
2018,Stuttgart,64127,64196,128323
2018,Svalbard Longyear,1075,1078,2153
2018,Svolvær Helle,2412,2426,4838
2018,Szczecin - Goleniów,3096,3105,6201
2018,Tallinn,22553,22530,45083
2018,Tarbes-Lourdes Pyrénées,3572,3578,7150
2018,Tartu,713,721,1434
2018,Tbilisi,18959,19000,37959
2018,Tenerife North,35042,35024,70066
2018,Tenerife Sur - Reina Sofia,34010,34038,68048
2018,Thessaloniki,27909,27917,55826
2018,Tirana,12758,12757,25515
2018,Torino Caselle,21217,21163,42380
2018,Toulouse-Blagnac,48798,48356,97154
2018,Tours-Val de Loire,1498,1536,3034
2018,Toussus-le-Noble,4984,4897,9881
2018,Treviso,10758,10757,21515
2018,Tromsø,21127,21091,42218
2018,Trondheim,27325,27303,54628
2018,Vadsø,3255,3245,6500
2018,Valencia,34451,34468,68919
2018,Valencia - Requena,6,9,15
2018,Valladolid,1519,1566,3085
2018,Vardø Svartnes,1110,1116,2226
2018,Venice,47618,47632,95250
2018,Ventspils,8,6,14
2018,Vienna,128210,128183,256393
2018,Vigo,5296,5397,10693
2018,Vilnius,23237,23254,46491
2018,Vitoria,4333,4344,8677
2018,Værøy,607,603,1210
2018,Warszawa - Chopina,93677,93558,187235
2018,Warszawa - Modlin,9840,9869,19709
2018,Waterford,194,199,393
2018,Weston,580,569,1149
2018,Wroclaw - Strachowice,15471,15471,30942
2018,Yerevan,11511,11500,23011
2018,Zagreb,21562,21571,43133
2018,Zakinthos,6572,6566,13138
2018,Zaragoza,4663,4639,9302
2018,Zielona Gora - Babimost,441,444,885
2018,Zürich,135809,135769,271578
2018,iGA Istanbul Airport,314,316,630
2019,Abad,115,117,232
2019,Aberdeen,25664,25569,51233
2019,Agen-La Garenne,1899,1949,3848
2019,Ajaccio-Napoléon-Bonaparte,8617,8624,17241
2019,Aktion,2807,2860,5667
2019,Al Massira,8486,8468,16954
2019,Albacete,351,381,732
2019,Albert-Bray,637,653,1290
2019,Alesund,7277,7277,14554
2019,Alicante,50602,50608,101210
2019,Almeria,4706,4711,9417
2019,Alta,4142,4142,8284
2019,Amsterdam - Schiphol,254632,254553,509185
2019,Andenes,1657,1660,3317
2019,Angers-Marcé,769,781,1550
2019,Ankara - Esenboğa,46727,46706,93433
2019,Annecy-Meythet,1677,1771,3448
2019,Annemasse,797,674,1471
2019,Antalya,101505,101557,203062
2019,Antwerp,6586,6587,13173
2019,Asturias,6329,6329,12658
2019,Athens,110242,110397,220639
2019,Avignon-Caumont,3062,3437,6499
2019,Badajoz,1144,1144,2288
2019,Barcelona,172268,172240,344508
2019,Bardufoss,1638,1637,3275
2019,Bastia-Poretta,8443,8417,16860
2019,Batsfjord,1145,1137,2282
2019,Beauvais-Tillé,12299,12317,24616
2019,Belfast - Aldergrove,25740,25730,51470
2019,Belfast - City Airport,17571,17581,35152
2019,Belgrade - Nikola Tesla,35490,35488,70978
2019,Ben Gurion International,83419,83348,166767
2019,Bergamo,47579,47568,95147
2019,Bergen,44137,44240,88377
2019,Bergerac-Roumanière,2180,2231,4411
2019,Berlevåg,836,838,1674
2019,Berlin - Brandenburg,45008,45223,90231
2019,Berlin - Tegel,95858,95921,191779
2019,Biarritz-Bayonne-Anglet,6156,6180,12336
2019,Biggin Hill,8576,8628,17204
2019,Bilbao,24476,24508,48984
2019,Birmingham,53899,53869,107768
2019,Bodø,19502,19479,38981
2019,Bologna,38559,38531,77090
2019,Bordeaux-Mérignac,37359,37333,74692
2019,Bratislava,11272,11321,22593
2019,Bremen,14620,14755,29375
2019,Brest-Bretagne,8472,8471,16943
2019,Brindisi,9976,9966,19942
2019,Bristol,33211,33182,66393
2019,Brive-Souillac,1600,1626,3226
2019,Brno-Tuřany,4510,4516,9026
2019,Bronnoysund Bronnoy,3534,3528,7062
2019,Brussels,114642,114639,229281
2019,Bucharest - Băneasa,3093,3095,6188
2019,Bucharest - Otopeni,61385,61446,122831
2019,Budapest - Ferihegy,61080,61052,122132
2019,Burgos,301,301,602
2019,Bydgoszcz,2211,2218,4429
2019,Bâle-Mulhouse,42307,42253,84560
2019,Béziers-Vias,3268,3380,6648
2019,Caen-Carpiquet,3405,3455,6860
2019,Calvi-Sainte-Catherine,2983,3021,6004
2019,Cannes-Mandelieu,7008,7004,14012
2019,Carcassonne-Salvaza,2865,2954,5819
2019,Cascais,2840,2756,5596
2019,Catania,37689,37710,75399
2019,Chambéry-Aix-les-Bains,3626,3667,7293
2019,Charleroi,27399,27364,54763
2019,Chișinău,13657,13697,27354
2019,Châlons-Vatry,1549,1568,3117
2019,Châteauroux-Déols,1121,1173,2294
2019,Ciudad Real Central,46,47,93
2019,Clermont-Ferrand-Auvergne,5760,5830,11590
2019,Cologne-Bonn,70194,70735,140929
2019,Connaught,3344,3363,6707
2019,Copenhagen - Kastrup,131691,131743,263434
2019,Cordoba,190,215,405
2019,Corfu,12500,12468,24968
2019,Cork,13497,13505,27002
2019,Deauville-Normandie,1830,1880,3710
2019,Dinard-Pleurtuit-Saint-Malo,1368,1398,2766
2019,Donegal,950,951,1901
2019,Dresden,10233,10291,20524
2019,Dublin,119011,119033,238044
2019,Dusseldorf,112762,112779,225541
2019,Dôle-Tavaux,1412,1495,2907
2019,East Midlands,33853,33764,67617
2019,Edinburgh,65741,65716,131457
2019,Erfurt,2249,2358,4607
2019,Farnborough,15435,15442,30877
2019,Faro,30338,30326,60664
2019,Figari-Sud Corse,5116,5138,10254
2019,Flores,879,883,1762
2019,Florø,4337,4345,8682
2019,Forde Bringeland,1989,1986,3975
2019,Frankfurt,256927,256939,513866
2019,Fuerteventura,23203,23153,46356
2019,Gdansk,22554,22550,45104
2019,Geneva,89570,89545,179115
2019,Gerona,7821,8203,16024
2019,Glasgow,42204,42141,84345
2019,Gran Canaria,62126,62026,124152
2019,Granada,5751,5783,11534
2019,Graz,9639,9685,19324
2019,Grenoble-Isère,3525,3610,7135
2019,Groningen,5266,5322,10588
2019,Göteborg,34627,34638,69265
2019,Hamburg,74560,74661,149221
2019,Hammerfest,4877,4910,9787
2019,Hanover,32236,32345,64581
2019,Harstad - Narvik Evenes,5090,5101,10191
2019,Haugesund,3111,3118,6229
2019,Helsinki - Vantaa,97320,97314,194634
2019,Heraklion,27610,27578,55188
2019,Hierro,2441,2466,4907
2019,Honningsvåg Valan,1047,1060,2107
2019,Horta,2342,2311,4653
2019,Hyères-Le Palyvestre,5977,6014,11991
2019,Ibiza,36683,36673,73356
2019,Ibn Batouta,6914,6932,13846
2019,Innsbruck,9736,9778,19514
2019,Istanbul Atatürk,66392,66265,132657
2019,Istanbul Sabiha Gökçen,114319,114297,228616
2019,Istres-Le Tubé,1195,1186,2381
2019,Izmir - Adnan Menderes,38519,38517,77036
2019,Jerez De La Frontera,7548,7528,15076
2019,Karlovy Vary,750,818,1568
2019,Katowice - Pyrzowice,18899,18908,37807
2019,Kaunas,4774,4791,9565
2019,Kefallinia,3593,3621,7214
2019,Kerry - Farranfore,2377,2379,4756
2019,Khania - Souda,12152,12158,24310
2019,Kiev - Boryspil,55527,55515,111042
2019,Kirkenes Høybuktmoen,3865,3870,7735
2019,Klagenfurt,3304,3293,6597
2019,Kos,9984,9971,19955
2019,Krakow - Balice,31639,31698,63337
2019,Kristiansand Kjevik,8171,8186,16357
2019,Kristiansund Kvernberget,4835,4797,9632
2019,La Coruna,5846,5906,11752
2019,La Gomera,928,924,1852
2019,La Palma,10975,11001,21976
2019,La Rochelle-Ile de Ré,2692,2725,5417
2019,Lakselv Banak,1118,1118,2236
2019,Lannion,211,222,433
2019,Lanzarote,29569,29561,59130
2019,Larnaca,30319,30338,60657
2019,Le Havre-Octeville,409,424,833
2019,Le Mans,661,667,1328
2019,Leipzig-Halle,37690,37723,75413
2019,Leknes,2853,2872,5725
2019,Lelystad,1493,1413,2906
2019,Leon,575,699,1274
2019,Liepaja,432,439,871
2019,Lille-Lesquin,12668,12652,25320
2019,Limoges-Bellegarde,3024,3040,6064
2019,Linz,6065,6136,12201
2019,Lisbon,110472,110466,220938
2019,Liège,17432,17444,34876
2019,Ljubljana,13972,13963,27935
2019,Lleida - Alguaire,1389,1484,2873
2019,Lodz - Lublinek,1872,1887,3759
2019,Logrono,338,339,677
2019,London - City,42077,42131,84208
2019,London - Gatwick,142450,142466,284916
2019,London - Heathrow,239021,239060,478081
2019,London - Luton,70474,70484,140958
2019,London - Stansted,99294,99217,198511
2019,Londonderry - Eglinton,1733,1735,3468
2019,Lorient-Lann Bihoué,3325,3310,6635
2019,Lublin,1643,1660,3303
2019,Luxembourg,38116,38184,76300
2019,Lučko,475,434,909
2019,Lyon-Bron,5045,5049,10094
2019,Lyon-Saint-Exupéry,58266,58185,116451
2019,Maastricht-Aachen,4958,4942,9900
2019,Madeira,11960,11947,23907
2019,Madrid - Barajas,213189,212996,426185
2019,Madrid - Cuatro Viento,1485,1395,2880
2019,Madrid - Getafe,790,803,1593
2019,Madrid - Torrejon,798,817,1615
2019,Mahon,15615,15596,31211
2019,Malta,29286,28895,58181
2019,Manchester,101468,101467,202935
2019,Maribor,1010,1038,2048
2019,Marseille-Provence,51037,50974,102011
2019,Mehamn,1219,1203,2422
2019,Melilla,4595,4613,9208
2019,Menara,24512,24563,49075
2019,Metz-Nancy-Lorraine,3232,3249,6481
2019,Mikonos,8960,8967,17927
2019,Milan - Linate,42219,42239,84458
2019,Milan - Malpensa,116984,116994,233978
2019,Mo i Rana Røssvoll,2564,2571,5135
2019,Mohammed V International,46984,46905,93889
2019,Molde Årø,3095,3096,6191
2019,Montijo,122,129,251
2019,Montpellier-Méditerranée,14632,14726,29358
2019,Mosjøen Kjærstad,1726,1726,3452
2019,Muenster-Osnabrueck,9079,9525,18604
2019,Munich,207110,207112,414222
2019,Murcia San Javier,209,236,445
2019,Málaga,70389,70332,140721
2019,Namsos Høknesøra,1296,1300,2596
2019,Nantes-Atlantique,32755,32763,65518
2019,Naples,42184,42203,84387
2019,Newcastle,21722,21716,43438
2019,Nice-Côte d’Azur,72848,72797,145645
2019,Noain Pamplona,2057,2054,4111
2019,Nuremberg,24458,24749,49207
2019,Nîmes-Garons,2521,2344,4865
2019,Olsztyn-Mazury,840,857,1697
2019,Orsta¿Volda Hovden,2323,2331,4654
2019,Oslo - Gardermoen,125947,125925,251872
2019,Ostend-Bruges,3537,3564,7101
2019,Ostrava,2850,2893,5743
2019,Palanga,2140,2136,4276
2019,Palma - Son San Juan,144,118,262
2019,Palma de Mallorca,108540,108556,217096
2019,Paphos,9835,9843,19678
2019,Paris-Charles-de-Gaulle,252530,252357,504887
2019,Paris-Le Bourget,26751,26742,53493
2019,Paris-Orly,110742,110860,221602
2019,Pau-Pyrénées,5945,5886,11831
2019,Perpignan-Rivesaltes,5593,5589,11182
2019,Pisa San Giusto,22176,22060,44236
2019,Podgorica,7275,7282,14557
2019,Poitiers-Biard,2457,2539,4996
2019,Ponta Delgada,10418,10415,20833
2019,Porto,49396,49420,98816
2019,Porto Santo,1255,1273,2528
2019,Portorož,1044,1075,2119
2019,Poznan - Lawica,11542,11555,23097
2019,Prague,75178,75256,150434
2019,Quimper-Pluguffan,1206,1224,2430
2019,Rabat-Salé,6710,6695,13405
2019,Radom,78,70,148
2019,Región de Murcia International Airport,3842,3833,7675
2019,Rennes-Saint-Jacques,9047,9045,18092
2019,Reus,4074,4106,8180
2019,Riga,43322,43324,86646
2019,Rodez-Marcillac,1938,1995,3933
2019,Rodos,18881,18904,37785
2019,Rome - Ciampino,25585,25569,51154
2019,Rome - Fiumicino,154907,154876,309783
2019,Roros,692,693,1385
2019,Rorvik Ryum,1113,1115,2228
2019,Rost,630,630,1260
2019,Rota,2185,2162,4347
2019,Rotterdam,12742,12805,25547
2019,Rzeszow - Jasionka,4327,4327,8654
2019,Saarbruecken,3950,4028,7978
2019,Sabadell,1339,810,2149
2019,Saint-Etienne-Bouthéon,837,860,1697
2019,Saint-Nazaire-Montoir,1262,1312,2574
2019,Salamanca Matalan,1803,1822,3625
2019,Salzburg,13177,13232,26409
2019,San Sebastian,2769,2798,5567
2019,Sandane  Anda,1161,1169,2330
2019,Sandnessjøen Stokka,1928,1942,3870
2019,Santa Maria,1328,1309,2637
2019,Santander,4572,4578,9150
2019,Santiago,10609,10509,21118
2019,Santorini,10571,10544,21115
2019,Sarajevo,6460,6458,12918
2019,Saïss,6001,6019,12020
2019,Sevilla,29365,29356,58721
2019,Seville - Moron,2603,2552,5155
2019,Shannon,10668,10657,21325
2019,Siauliai,1355,1367,2722
2019,Sion,3158,3131,6289
2019,Skiathos,2097,2104,4201
2019,Skopje,9420,9425,18845
2019,Sligo,16,16,32
2019,Sofia,30162,30104,60266
2019,Sogndal Haukåsen,2501,2498,4999
2019,Son Bonet,268,269,537
2019,Sorkjosen,883,889,1772
2019,Southampton,17778,17784,35562
2019,Stavanger,32996,33083,66079
2019,Stockholm - Arlanda,116507,116500,233007
2019,Stockholm - Bromma,25894,25904,51798
2019,Stokmarknes Skagen,2630,2634,5264
2019,Strasbourg-Entzheim,10218,10217,20435
2019,Stuttgart,66298,66311,132609
2019,Svalbard Longyear,1002,1003,2005
2019,Svolvær Helle,1975,1976,3951
2019,Szczecin - Goleniów,3003,3006,6009
2019,Tallinn,21955,21949,43904
2019,Tarbes-Lourdes Pyrénées,3471,3495,6966
2019,Tartu,819,811,1630
2019,Tbilisi,18082,18083,36165
2019,Tenerife North,36289,36308,72597
2019,Tenerife Sur - Reina Sofia,34334,34302,68636
2019,Thessaloniki,28145,28216,56361
2019,Tirana,14248,14252,28500
2019,Torino Caselle,19636,19593,39229
2019,Toulouse-Blagnac,48044,47621,95665
2019,Tours-Val de Loire,1492,1530,3022
2019,Toussus-le-Noble,5183,5036,10219
2019,Treviso,10854,10846,21700
2019,Tromsø,20430,20391,40821
2019,Trondheim,26971,26941,53912
2019,Tukums Jurmala,7,6,13
2019,Vadsø,3286,3284,6570
2019,Valencia,36239,36225,72464
2019,Valencia - Requena,20,20,40
2019,Valladolid,1409,1498,2907
2019,Vardø Svartnes,1184,1193,2377
2019,Venice,47644,47622,95266
2019,Ventspils,8,7,15
2019,Vienna,140862,140854,281716
2019,Vigo,4852,4905,9757
2019,Vilnius,23374,23401,46775
2019,Vitoria,4732,4727,9459
2019,Værøy,605,583,1188
2019,Warszawa - Chopina,97098,97062,194160
2019,Warszawa - Modlin,9887,9940,19827
2019,Waterford,174,178,352
2019,Weston,515,490,1005
2019,Wroclaw - Strachowice,15610,15603,31213
2019,Yerevan,12779,12777,25556
2019,Zagreb,22152,22155,44307
2019,Zakinthos,6571,6549,13120
2019,Zaragoza,4268,4255,8523
2019,Zielona Gora - Babimost,565,570,1135
2019,Zürich,134627,134596,269223
2019,iGA Istanbul Airport,163002,163123,326125
2020,Abad,51,50,101
2020,Aberdeen,12242,12236,24478
2020,Agen-La Garenne,1091,1136,2227
2020,Ajaccio-Napoléon-Bonaparte,6146,6127,12273
2020,Aktion,1211,1227,2438
2020,Al Massira,2977,2967,5944
2020,Albacete,209,248,457
2020,Albert-Bray,436,443,879
2020,Alesund,4733,4738,9471
2020,Alicante,18499,18502,37001
2020,Almeria,1828,1820,3648
2020,Alta,3622,3624,7246
2020,Amsterdam - Schiphol,117918,117872,235790
2020,Andenes,1543,1547,3090
2020,Angers-Marcé,539,556,1095
2020,Ankara - Esenboğa,22747,22753,45500
2020,Annecy-Meythet,1429,1495,2924
2020,Annemasse,673,597,1270
2020,Antalya,31893,31946,63839
2020,Antwerp,4051,4068,8119
2020,Asturias,2872,2872,5744
2020,Athens,54498,54647,109145
2020,Avignon-Caumont,2515,2754,5269
2020,Badajoz,648,651,1299
2020,Barcelona,61317,61268,122585
2020,Bardufoss,1273,1277,2550
2020,Bastia-Poretta,5648,5662,11310
2020,Batsfjord,1080,1067,2147
2020,Beauvais-Tillé,5252,5282,10534
2020,Belfast - Aldergrove,11485,11454,22939
2020,Belfast - City Airport,5179,5176,10355
2020,Belgrade - Nikola Tesla,17056,17073,34129
2020,Ben Gurion International,27059,27060,54119
2020,Bergamo,19285,19417,38702
2020,Bergen,31241,31327,62568
2020,Bergerac-Roumanière,1065,1106,2171
2020,Berlevåg,623,624,1247
2020,Berlin - Brandenburg,21449,21718,43167
2020,Berlin - Tegel,29802,29865,59667
2020,Biarritz-Bayonne-Anglet,3302,3327,6629
2020,Biggin Hill,7487,7499,14986
2020,Bilbao,8870,8872,17742
2020,Birmingham,17433,17428,34861
2020,Bodø,14897,14865,29762
2020,Bologna,14957,14940,29897
2020,Bordeaux-Mérignac,14844,14852,29696
2020,Bratislava,4505,4548,9053
2020,Bremen,7083,7300,14383
2020,Brest-Bretagne,4641,4669,9310
2020,Brindisi,4943,4943,9886
2020,Bristol,12124,12219,24343
2020,Brive-Souillac,950,986,1936
2020,Brno-Tuřany,2545,2571,5116
2020,Bronnoysund Bronnoy,3012,3008,6020
2020,Brussels,45668,45674,91342
2020,Bucharest - Băneasa,2442,2463,4905
2020,Bucharest - Otopeni,25869,25882,51751
2020,Budapest - Ferihegy,23873,23897,47770
2020,Burgos,385,355,740
2020,Bydgoszcz,1051,1058,2109
2020,Bâle-Mulhouse,17593,17585,35178
2020,Béziers-Vias,1894,1929,3823
2020,Caen-Carpiquet,1783,1838,3621
2020,Calvi-Sainte-Catherine,2239,2256,4495
2020,Cannes-Mandelieu,5567,5491,11058
2020,Carcassonne-Salvaza,1846,1919,3765
2020,Cascais,2445,2311,4756
2020,Catania,17321,17318,34639
2020,Chambéry-Aix-les-Bains,2653,2644,5297
2020,Charleroi,12412,12402,24814
2020,Chișinău,4911,4917,9828
2020,Châlons-Vatry,1381,1424,2805
2020,Châteauroux-Déols,1131,1208,2339
2020,Ciudad Real Central,130,201,331
2020,Clermont-Ferrand-Auvergne,3045,3137,6182
2020,Cologne-Bonn,38856,39372,78228
2020,Connaught,872,890,1762
2020,Copenhagen - Kastrup,49097,49107,98204
2020,Cordoba,121,120,241
2020,Corfu,5371,5370,10741
2020,Cork,5841,5826,11667
2020,Deauville-Normandie,990,1055,2045
2020,Dinard-Pleurtuit-Saint-Malo,1015,1038,2053
2020,Donegal,758,763,1521
2020,Dresden,4184,4241,8425
2020,Dublin,43421,43464,86885
2020,Dusseldorf,39323,39379,78702
2020,Dôle-Tavaux,981,1031,2012
2020,East Midlands,21796,21800,43596
2020,Edinburgh,22941,22911,45852
2020,Erfurt,1646,1743,3389
2020,Farnborough,9659,9670,19329
2020,Faro,12319,12302,24621
2020,Figari-Sud Corse,4368,4367,8735
2020,Flores,593,598,1191
2020,Florø,3428,3431,6859
2020,Forde Bringeland,1213,1217,2430
2020,Frankfurt,106180,106185,212365
2020,Fuerteventura,11936,11936,23872
2020,Gdansk,10790,10817,21607
2020,Geneva,39414,39292,78706
2020,Gerona,2602,2853,5455
2020,Glasgow,14940,14922,29862
2020,Gran Canaria,32737,32551,65288
2020,Granada,2635,2648,5283
2020,Graz,4003,4047,8050
2020,Grenoble-Isère,2656,2698,5354
2020,Groningen,3945,4057,8002
2020,Göteborg,12043,12051,24094
2020,Hamburg,29893,29990,59883
2020,Hammerfest,4499,4533,9032
2020,Hanover,13454,13574,27028
2020,Harstad - Narvik Evenes,3438,3442,6880
2020,Haugesund,1860,1864,3724
2020,Helsinki - Vantaa,36386,36403,72789
2020,Heraklion,11492,11503,22995
2020,Hierro,1858,1871,3729
2020,Honningsvåg Valan,918,912,1830
2020,Horta,1594,1581,3175
2020,Hyères-Le Palyvestre,3661,3663,7324
2020,Ibiza,15795,15796,31591
2020,Ibn Batouta,3194,3196,6390
2020,Innsbruck,5220,5208,10428
2020,Istanbul Atatürk,16753,16724,33477
2020,Istanbul Sabiha Gökçen,62065,62085,124150
2020,Istres-Le Tubé,1453,1442,2895
2020,Izmir - Adnan Menderes,20626,20624,41250
2020,Jerez De La Frontera,3938,3919,7857
2020,Karlovy Vary,708,744,1452
2020,Katowice - Pyrzowice,8642,8676,17318
2020,Kaunas,2882,2933,5815
2020,Kefallinia,1519,1543,3062
2020,Kerry - Farranfore,1416,1417,2833
2020,Khania - Souda,5550,5531,11081
2020,Kiev - Boryspil,23495,23478,46973
2020,Kirkenes Høybuktmoen,3245,3241,6486
2020,Klagenfurt,1674,1666,3340
2020,Kos,4051,4040,8091
2020,Krakow - Balice,13548,13539,27087
2020,Kristiansand Kjevik,4572,4593,9165
2020,Kristiansund Kvernberget,4667,4643,9310
2020,La Coruna,2688,2695,5383
2020,La Gomera,793,784,1577
2020,La Palma,6509,6525,13034
2020,La Rochelle-Ile de Ré,1306,1354,2660
2020,Lakselv Banak,1162,1158,2320
2020,Lannion,265,255,520
2020,Lanzarote,14537,14541,29078
2020,Larnaca,12123,12120,24243
2020,Le Havre-Octeville,292,295,587
2020,Le Mans,417,438,855
2020,Leipzig-Halle,30857,30881,61738
2020,Leknes,2600,2607,5207
2020,Lelystad,1157,1130,2287
2020,Leon,299,305,604
2020,Liepaja,305,306,611
2020,Lille-Lesquin,5300,5290,10590
2020,Limoges-Bellegarde,1807,1847,3654
2020,Linz,3379,3444,6823
2020,Lisbon,44653,44593,89246
2020,Liège,18356,18343,36699
2020,Ljubljana,4994,5033,10027
2020,Lleida - Alguaire,1244,1290,2534
2020,Lodz - Lublinek,1168,1177,2345
2020,Logrono,118,122,240
2020,London - City,9764,9788,19552
2020,London - Gatwick,40143,40158,80301
2020,London - Heathrow,102352,102400,204752
2020,London - Luton,31681,31680,63361
2020,London - Stansted,42708,42686,85394
2020,Londonderry - Eglinton,921,923,1844
2020,Lorient-Lann Bihoué,2151,2094,4245
2020,Lublin,840,844,1684
2020,Luxembourg,20148,20187,40335
2020,Lučko,521,512,1033
2020,Lyon-Bron,3786,3812,7598
2020,Lyon-Saint-Exupéry,22601,22572,45173
2020,Maastricht-Aachen,3976,3981,7957
2020,Madeira,5597,5592,11189
2020,Madrid - Barajas,82828,82822,165650
2020,Madrid - Cuatro Viento,1314,1249,2563
2020,Madrid - Getafe,470,492,962
2020,Madrid - Torrejon,504,543,1047
2020,Mahon,7141,7159,14300
2020,Malta,12217,12090,24307
2020,Manchester,33277,33271,66548
2020,Maribor,725,763,1488
2020,Marseille-Provence,23663,23741,47404
2020,Mehamn,1120,1109,2229
2020,Melilla,2399,2405,4804
2020,Menara,6911,6902,13813
2020,Metz-Nancy-Lorraine,1149,1149,2298
2020,Mikonos,3589,3615,7204
2020,Milan - Linate,20247,20441,40688
2020,Milan - Malpensa,46373,46380,92753
2020,Mo i Rana Røssvoll,1976,1982,3958
2020,Mohammed V International,17195,17054,34249
2020,Molde Årø,2036,2039,4075
2020,Montijo,105,88,193
2020,Montpellier-Méditerranée,8811,8867,17678
2020,Mosjøen Kjærstad,1372,1375,2747
2020,Muenster-Osnabrueck,5012,5449,10461
2020,Munich,72145,72102,144247
2020,Murcia San Javier,52,52,104
2020,Málaga,28471,28426,56897
2020,Namsos Høknesøra,998,997,1995
2020,Nantes-Atlantique,12490,12518,25008
2020,Naples,15505,15519,31024
2020,Newcastle,7091,7092,14183
2020,Nice-Côte d’Azur,33152,33166,66318
2020,Noain Pamplona,1010,1003,2013
2020,Nuremberg,9797,10083,19880
2020,Nîmes-Garons,1977,1862,3839
2020,Olsztyn-Mazury,513,510,1023
2020,Orsta¿Volda Hovden,1671,1672,3343
2020,Oslo - Gardermoen,61272,61281,122553
2020,Ostend-Bruges,2603,2639,5242
2020,Ostrava,2274,2312,4586
2020,Palanga,1040,1039,2079
2020,Palma - Son San Juan,75,60,135
2020,Palma de Mallorca,38197,38235,76432
2020,Paphos,3673,3667,7340
2020,Paris-Charles-de-Gaulle,110388,110353,220741
2020,Paris-Le Bourget,16731,16686,33417
2020,Paris-Orly,42336,42330,84666
2020,Pau-Pyrénées,2680,2673,5353
2020,Perpignan-Rivesaltes,4452,4516,8968
2020,Pisa San Giusto,9238,9194,18432
2020,Podgorica,2908,2908,5816
2020,Poitiers-Biard,1491,1540,3031
2020,Ponta Delgada,6136,6130,12266
2020,Porto,21729,21719,43448
2020,Porto Santo,741,749,1490
2020,Portorož,821,823,1644
2020,Poznan - Lawica,5409,5424,10833
2020,Prague,24974,25077,50051
2020,Quimper-Pluguffan,785,826,1611
2020,Rabat-Salé,2791,2774,5565
2020,Radom,0,1,1
2020,Región de Murcia International Airport,1326,1323,2649
2020,Rennes-Saint-Jacques,3919,3906,7825
2020,Reus,1323,1348,2671
2020,Riga,17587,17587,35174
2020,Rodez-Marcillac,982,1019,2001
2020,Rodos,7565,7564,15129
2020,Rome - Ciampino,13011,13053,26064
2020,Rome - Fiumicino,51702,51714,103416
2020,Roros,984,979,1963
2020,Rorvik Ryum,962,966,1928
2020,Rost,575,580,1155
2020,Rota,1846,1828,3674
2020,Rotterdam,5902,6005,11907
2020,Rzeszow - Jasionka,1997,2014,4011
2020,Saarbruecken,1963,2078,4041
2020,Sabadell,1031,682,1713
2020,Saint-Etienne-Bouthéon,648,663,1311
2020,Saint-Nazaire-Montoir,866,917,1783
2020,Salamanca Matalan,1304,1322,2626
2020,Salzburg,7313,7343,14656
2020,San Sebastian,956,963,1919
2020,Sandane  Anda,945,951,1896
2020,Sandnessjøen Stokka,1648,1659,3307
2020,Santa Maria,1033,1024,2057
2020,Santander,1961,1977,3938
2020,Santiago,4705,4677,9382
2020,Santorini,3583,3595,7178
2020,Sarajevo,2694,2689,5383
2020,Saïss,2093,2104,4197
2020,Sevilla,13605,13577,27182
2020,Seville - Moron,2505,2453,4958
2020,Shannon,4551,4586,9137
2020,Siauliai,1432,1439,2871
2020,Sion,2755,2725,5480
2020,Skiathos,858,880,1738
2020,Skopje,4122,4128,8250
2020,Sligo,24,19,43
2020,Sofia,17510,17474,34984
2020,Sogndal Haukåsen,2426,2424,4850
2020,Son Bonet,248,246,494
2020,Sorkjosen,693,694,1387
2020,Southampton,5260,5400,10660
2020,Stavanger,21146,21213,42359
2020,Stockholm - Arlanda,43065,43016,86081
2020,Stockholm - Bromma,9310,9324,18634
2020,Stokmarknes Skagen,1647,1651,3298
2020,Strasbourg-Entzheim,4719,4726,9445
2020,Stuttgart,24949,24909,49858
2020,Svalbard Longyear,668,676,1344
2020,Svolvær Helle,1377,1377,2754
2020,Szczecin - Goleniów,1620,1616,3236
2020,Tallinn,9585,9601,19186
2020,Tarbes-Lourdes Pyrénées,1773,1788,3561
2020,Tartu,455,456,911
2020,Tbilisi,5447,5433,10880
2020,Tenerife North,21710,21710,43420
2020,Tenerife Sur - Reina Sofia,14104,14085,28189
2020,Thessaloniki,12886,13087,25973
2020,Tirana,7641,7647,15288
2020,Torino Caselle,8515,8534,17049
2020,Toulouse-Blagnac,20602,20469,41071
2020,Tours-Val de Loire,940,950,1890
2020,Toussus-le-Noble,5605,5490,11095
2020,Treviso,1809,1810,3619
2020,Tromsø,16559,16522,33081
2020,Trondheim,16827,16818,33645
2020,Tukums Jurmala,5,3,8
2020,Vadsø,2974,3000,5974
2020,Valencia,15568,15633,31201
2020,Valencia - Requena,131,130,261
2020,Valladolid,645,686,1331
2020,Vardø Svartnes,820,816,1636
2020,Venice,17190,17175,34365
2020,Ventspils,1,2,3
2020,Vienna,54069,54060,108129
2020,Vigo,2014,2019,4033
2020,Vilnius,10163,10188,20351
2020,Vitoria,4367,4392,8759
2020,Værøy,548,551,1099
2020,Warszawa - Chopina,39923,39921,79844
2020,Warszawa - Modlin,4279,4335,8614
2020,Waterford,221,242,463
2020,Weston,87,85,172
2020,Wroclaw - Strachowice,6826,6835,13661
2020,Yerevan,4686,4687,9373
2020,Zagreb,10628,10650,21278
2020,Zakinthos,2394,2390,4784
2020,Zaragoza,3076,3075,6151
2020,Zielona Gora - Babimost,516,514,1030
2020,Zürich,52694,52676,105370
2020,iGA Istanbul Airport,92219,92308,184527
2021,Abad,84,83,167
2021,Aberdeen,13599,13601,27200
2021,Agen-La Garenne,906,952,1858
2021,Ajaccio-Napoléon-Bonaparte,8212,8202,16414
2021,Aktion,2297,2297,4594
2021,Al Massira,3637,3647,7284
2021,Albacete,347,388,735
2021,Albert-Bray,488,511,999
2021,Alesund,5464,5468,10932
2021,Alicante,25631,25641,51272
2021,Almeria,2386,2384,4770
2021,Alta,4175,4177,8352
2021,Amsterdam - Schiphol,139982,139892,279874
2021,Andenes,1662,1654,3316
2021,Angers-Marcé,787,834,1621
2021,Ankara - Esenboğa,30700,30689,61389
2021,Annecy-Meythet,1885,1949,3834
2021,Annemasse,1167,1104,2271
2021,Antalya,66537,66501,133038
2021,Antwerp,6669,6685,13354
2021,Asturias,3769,3763,7532
2021,Athens,76474,76587,153061
2021,Avignon-Caumont,3584,3852,7436
2021,Badajoz,710,714,1424
2021,Barcelona,81819,81875,163694
2021,Bardufoss,1541,1540,3081
2021,Bastia-Poretta,7490,7487,14977
2021,Batsfjord,1134,1130,2264
2021,Beauvais-Tillé,8173,8184,16357
2021,Belfast - Aldergrove,14092,14048,28140
2021,Belfast - City Airport,6355,6350,12705
2021,Belgrade - Nikola Tesla,24696,24671,49367
2021,Bergamo,25872,25998,51870
2021,Bergen,35270,35342,70612
2021,Bergerac-Roumanière,1219,1304,2523
2021,Berlevåg,811,812,1623
2021,Berlin - Brandenburg,51892,52022,103914
2021,Biarritz-Bayonne-Anglet,4747,4810,9557
2021,Biggin Hill,9485,9483,18968
2021,Bilbao,11690,11696,23386
2021,Birmingham,17265,17308,34573
2021,Bodø,16751,16659,33410
2021,Bologna,21104,21110,42214
2021,Bordeaux-Mérignac,19282,19316,38598
2021,Bratislava,5484,5496,10980
2021,Bremen,6798,7041,13839
2021,Brest-Bretagne,6098,6093,12191
2021,Brindisi,7803,7804,15607
2021,Bristol,12255,12768,25023
2021,Brive-Souillac,1364,1402,2766
2021,Brno-Tuřany,3026,3070,6096
2021,Bronnoysund Bronnoy,3142,3150,6292
2021,Brussels,57074,57070,114144
2021,Bucharest - Băneasa,2959,2966,5925
2021,Bucharest - Otopeni,35854,35858,71712
2021,Budapest - Ferihegy,27276,27267,54543
2021,Burgos,1028,838,1866
2021,Bydgoszcz,1056,1079,2135
2021,Bâle-Mulhouse,22154,22146,44300
2021,Béziers-Vias,2460,2523,4983
2021,Caen-Carpiquet,2189,2250,4439
2021,Calvi-Sainte-Catherine,3069,3104,6173
2021,Cannes-Mandelieu,7743,7608,15351
2021,Carcassonne-Salvaza,2005,2080,4085
2021,Cascais,3189,3132,6321
2021,Catania,25488,25487,50975
2021,Chambéry-Aix-les-Bains,1965,2042,4007
2021,Charleroi,16605,16569,33174
2021,Chișinău,8394,8405,16799
2021,Châlons-Vatry,1946,1953,3899
2021,Châteauroux-Déols,1347,1375,2722
2021,Ciudad Real Central,133,104,237
2021,Clermont-Ferrand-Auvergne,3180,3222,6402
2021,Cologne-Bonn,44681,45321,90002
2021,Connaught,832,846,1678
2021,Copenhagen - Kastrup,54932,54938,109870
2021,Cordoba,240,237,477
2021,Corfu,10510,10502,21012
2021,Cork,4090,4063,8153
2021,Deauville-Normandie,1257,1279,2536
2021,Dinard-Pleurtuit-Saint-Malo,922,978,1900
2021,Donegal,697,699,1396
2021,Dresden,3620,3698,7318
2021,Dublin,45519,45496,91015
2021,Dusseldorf,40984,41037,82021
2021,Dôle-Tavaux,1255,1293,2548
2021,East Midlands,23418,23468,46886
2021,Edinburgh,21799,21818,43617
2021,Erfurt,1750,1847,3597
2021,Farnborough,12621,12657,25278
2021,Faro,17636,17645,35281
2021,Figari-Sud Corse,6094,6125,12219
2021,Flores,808,808,1616
2021,Florø,3383,3396,6779
2021,Forde Bringeland,1286,1290,2576
2021,Frankfurt,130952,131014,261966
2021,Fuerteventura,16414,16414,32828
2021,Gdansk,12719,12725,25444
2021,Geneva,45783,45729,91512
2021,Gerona,3373,3716,7089
2021,Glasgow,16296,16315,32611
2021,Gran Canaria,40808,40733,81541
2021,Granada,3003,3031,6034
2021,Graz,5230,5315,10545
2021,Grenoble-Isère,2503,2563,5066
2021,Groningen,4005,4073,8078
2021,Göteborg,13610,13623,27233
2021,Hamburg,31465,31610,63075
2021,Hammerfest,5233,5255,10488
2021,Hanover,15694,15782,31476
2021,Harstad - Narvik Evenes,4401,4399,8800
2021,Haugesund,2450,2453,4903
2021,Helsinki - Vantaa,36134,36162,72296
2021,Heraklion,20961,20936,41897
2021,Hierro,2244,2250,4494
2021,Honningsvåg Valan,996,989,1985
2021,Horta,2199,2192,4391
2021,Hyères-Le Palyvestre,5136,5149,10285
2021,Ibiza,29935,29945,59880
2021,Ibn Batouta,5312,5290,10602
2021,Innsbruck,3617,3619,7236
2021,Istanbul Atatürk,17249,17253,34502
2021,Istanbul Sabiha Gökçen,88993,89031,178024
2021,Istres-Le Tubé,1540,1513,3053
2021,Izmir - Adnan Menderes,26608,26588,53196
2021,Jerez De La Frontera,6329,6313,12642
2021,Karlovy Vary,885,945,1830
2021,Katowice - Pyrzowice,12277,12293,24570
2021,Kaunas,3303,3303,6606
2021,Kefallinia,2321,2342,4663
2021,Kerry - Farranfore,1425,1431,2856
2021,Khania - Souda,10190,10152,20342
2021,Kiev - Boryspil,37918,37899,75817
2021,Kirkenes Høybuktmoen,3519,3530,7049
2021,Klagenfurt,1987,1987,3974
2021,Kos,7108,7085,14193
2021,Krakow - Balice,16448,16477,32925
2021,Kristiansand Kjevik,4297,4332,8629
2021,Kristiansund Kvernberget,4044,4052,8096
2021,La Coruna,3221,3213,6434
2021,La Gomera,986,989,1975
2021,La Palma,6583,6601,13184
2021,La Rochelle-Ile de Ré,1782,1859,3641
2021,Lakselv Banak,1204,1203,2407
2021,Lannion,290,303,593
2021,Lanzarote,18679,18681,37360
2021,Larnaca,19007,19011,38018
2021,Le Havre-Octeville,420,427,847
2021,Le Mans,637,677,1314
2021,Leipzig-Halle,36933,36970,73903
2021,Leknes,2172,2173,4345
2021,Lelystad,1035,989,2024
2021,Leon,425,430,855
2021,Liepaja,359,358,717
2021,Lille-Lesquin,7510,7512,15022
2021,Limoges-Bellegarde,2315,2358,4673
2021,Linz,4241,4329,8570
2021,Lisbon,57716,57664,115380
2021,Liège,20937,20971,41908
2021,Ljubljana,6486,6489,12975
2021,Lleida - Alguaire,2301,2359,4660
2021,Lodz - Lublinek,1533,1543,3076
2021,Logrono,157,166,323
2021,London - City,7240,7243,14483
2021,London - Gatwick,27925,27918,55843
2021,London - Heathrow,97677,97663,195340
2021,London - Luton,30710,30714,61424
2021,London - Stansted,46301,46241,92542
2021,Londonderry - Eglinton,1231,1230,2461
2021,Lorient-Lann Bihoué,2097,2050,4147
2021,Lublin,912,913,1825
2021,Luxembourg,23836,23848,47684
2021,Lučko,408,411,819
2021,Lyon-Bron,4940,4956,9896
2021,Lyon-Saint-Exupéry,27388,27377,54765
2021,Maastricht-Aachen,4449,4448,8897
2021,Madeira,8326,8326,16652
2021,Madrid - Barajas,108791,108756,217547
2021,Madrid - Cuatro Viento,1636,1353,2989
2021,Madrid - Getafe,501,523,1024
2021,Madrid - Torrejon,751,772,1523
2021,Mahon,12950,12952,25902
2021,Malta,16274,16225,32499
2021,Manchester,33326,33322,66648
2021,Maribor,961,1001,1962
2021,Marseille-Provence,29753,29946,59699
2021,Mehamn,1273,1277,2550
2021,Melilla,3785,3789,7574
2021,Menara,8555,8538,17093
2021,Metz-Nancy-Lorraine,890,917,1807
2021,Mikonos,7977,7997,15974
2021,Milan - Linate,33126,33516,66642
2021,Milan - Malpensa,59190,59270,118460
2021,Mo i Rana Røssvoll,2314,2313,4627
2021,Mohammed V International,23463,23444,46907
2021,Molde Årø,2045,2050,4095
2021,Montijo,105,102,207
2021,Montpellier-Méditerranée,10873,10946,21819
2021,Mosjøen Kjærstad,1951,1951,3902
2021,Muenster-Osnabrueck,5720,6257,11977
2021,Munich,75244,75193,150437
2021,Murcia San Javier,133,186,319
2021,Málaga,43720,43743,87463
2021,Namsos Høknesøra,1171,1167,2338
2021,Nantes-Atlantique,15205,15241,30446
2021,Naples,23137,23143,46280
2021,Newcastle,8119,8170,16289
2021,Nice-Côte d’Azur,47124,47128,94252
2021,Noain Pamplona,1327,1327,2654
2021,Nuremberg,10162,10416,20578
2021,Nîmes-Garons,2017,1844,3861
2021,Olsztyn-Mazury,465,469,934
2021,Orsta¿Volda Hovden,1840,1839,3679
2021,Oslo - Gardermoen,61866,61917,123783
2021,Ostend-Bruges,3389,3411,6800
2021,Ostrava,3304,3305,6609
2021,Palanga,832,834,1666
2021,Palermo Falcone-Borsellino,20492,20493,40985
2021,Palma - Son San Juan,62,58,120
2021,Palma de Mallorca,70277,70259,140536
2021,Paphos,6803,6808,13611
2021,Paris-Charles-de-Gaulle,128106,127988,256094
2021,Paris-Le Bourget,25950,25952,51902
2021,Paris-Orly,60281,60317,120598
2021,Pau-Pyrénées,3404,3337,6741
2021,Perpignan-Rivesaltes,5065,5042,10107
2021,Pisa San Giusto,12702,12627,25329
2021,Podgorica,4111,4121,8232
2021,Poitiers-Biard,2067,2187,4254
2021,Ponta Delgada,8546,8517,17063
2021,Porto,26962,26980,53942
2021,Porto Santo,1135,1141,2276
2021,Portorož,1010,1017,2027
2021,Poznan - Lawica,6917,6930,13847
2021,Prague,28222,28318,56540
2021,Quimper-Pluguffan,970,980,1950
2021,Rabat-Salé,4469,4493,8962
2021,Radom,0,0,0
2021,Región de Murcia International Airport,1632,1625,3257
2021,Rennes-Saint-Jacques,5291,5301,10592
2021,Reus,1850,1904,3754
2021,Riga,19143,19142,38285
2021,Rodez-Marcillac,1476,1518,2994
2021,Rodos,14484,14483,28967
2021,Rome - Ciampino,17667,17753,35420
2021,Rome - Fiumicino,56988,57003,113991
2021,Roros,670,668,1338
2021,Rorvik Ryum,1148,1151,2299
2021,Rost,635,635,1270
2021,Rota,2477,2437,4914
2021,Rotterdam,7373,7490,14863
2021,Rouen,1455,1495,2950
2021,Rzeszow - Jasionka,2121,2147,4268
2021,Saarbruecken,2025,2123,4148
2021,Sabadell,1447,986,2433
2021,Saint-Etienne-Bouthéon,973,980,1953
2021,Saint-Nazaire-Montoir,1217,1296,2513
2021,Salamanca Matalan,1510,1525,3035
2021,Salzburg,7250,7288,14538
2021,San Sebastian,1209,1219,2428
2021,Sandane  Anda,970,968,1938
2021,Sandnessjøen Stokka,1742,1739,3481
2021,Santa Maria,1237,1251,2488
2021,Santander,2833,2835,5668
2021,Santiago,6915,6921,13836
2021,Santorini,7917,7925,15842
2021,Sarajevo,5347,5334,10681
2021,Saïss,4147,4154,8301
2021,Sevilla,17373,17342,34715
2021,Seville - Moron,2508,2441,4949
2021,Shannon,5239,5255,10494
2021,Siauliai,1396,1398,2794
2021,Sion,3217,3190,6407
2021,Skiathos,1485,1489,2974
2021,Skopje,6663,6664,13327
2021,Sligo,39,47,86
2021,Sofia,19939,19949,39888
2021,Sogndal Haukåsen,2345,2345,4690
2021,Son Bonet,527,514,1041
2021,Sorkjosen,856,855,1711
2021,Southampton,5536,5595,11131
2021,Stavanger,22211,22269,44480
2021,Stockholm - Arlanda,45516,45500,91016
2021,Stockholm - Bromma,11123,11148,22271
2021,Stokmarknes Skagen,2222,2223,4445
2021,Strasbourg-Entzheim,5164,5167,10331
2021,Stuttgart,25637,25647,51284
2021,Svalbard Longyear,699,698,1397
2021,Svolvær Helle,1831,1830,3661
2021,Szczecin - Goleniów,1622,1621,3243
2021,Tallinn,11448,11429,22877
2021,Tarbes-Lourdes Pyrénées,2422,2448,4870
2021,Tartu,463,469,932
2021,Tbilisi,10632,10648,21280
2021,Tel Aviv - Ben Gurion International,37478,37472,74950
2021,Tenerife North,26012,26003,52015
2021,Tenerife Sur - Reina Sofia,18678,18683,37361
2021,Thessaloniki,18912,18978,37890
2021,Tirana,13093,13097,26190
2021,Torino Caselle,10847,10919,21766
2021,Toulouse-Blagnac,23951,23794,47745
2021,Tours-Val de Loire,1673,1646,3319
2021,Toussus-le-Noble,6566,6483,13049
2021,Treviso,5203,5207,10410
2021,Tromsø,18474,18475,36949
2021,Trondheim,19628,19627,39255
2021,Tukums Jurmala,2,3,5
2021,Vadsø,3161,3154,6315
2021,Valencia,22036,22012,44048
2021,Valencia - Requena,133,266,399
2021,Valladolid,1116,1530,2646
2021,Vardø Svartnes,1091,1087,2178
2021,Venice,19584,19572,39156
2021,Ventspils,12,11,23
2021,Vienna,63900,63942,127842
2021,Vigo,3442,3452,6894
2021,Vilnius,11854,11860,23714
2021,Vitoria,5091,5151,10242
2021,Værøy,369,452,821
2021,Warszawa - Chopina,47312,47354,94666
2021,Warszawa - Modlin,6529,6556,13085
2021,Waterford,363,371,734
2021,Weston,190,191,381
2021,Wroclaw - Strachowice,8695,8704,17399
2021,Yerevan,9719,9720,19439
2021,Zagreb,14466,14486,28952
2021,Zakinthos,4693,4678,9371
2021,Zaragoza,4150,4155,8305
2021,Zielona Gora - Babimost,355,352,707
2021,Zürich,62860,62834,125694
2021,iGA Istanbul Airport,139058,138925,277983
2022,Abad,84,84,168
2022,Aberdeen,15251,15278,30529
2022,Agen-La Garenne,706,774,1480
2022,Ajaccio-Napoléon-Bonaparte,8021,8024,16045
2022,Aktion,3333,3348,6681
2022,Al Massira,6123,6119,12242
2022,Albacete,344,407,751
2022,Albert-Bray,643,648,1291
2022,Alesund,6255,6265,12520
2022,Alicante,38777,38782,77559
2022,Almeria,3315,3329,6644
2022,Alta,3502,3501,7003
2022,Amsterdam - Schiphol,176178,176130,352308
2022,Andenes,1406,1402,2808
2022,Angers-Marcé,710,741,1451
2022,Ankara - Esenboğa,27260,27239,54499
2022,Annecy-Meythet,1786,1836,3622
2022,Annemasse,1121,1031,2152
2022,Antalya,87019,87020,174039
2022,Antwerp,5805,5784,11589
2022,Asturias,4736,4731,9467
2022,Athens,89427,89583,179010
2022,Avignon-Caumont,3173,3402,6575
2022,Badajoz,841,876,1717
2022,Barcelona,119645,119656,239301
2022,Bardufoss,1109,1120,2229
2022,Bastia-Poretta,7533,7541,15074
2022,Batsfjord,821,819,1640
2022,Beauvais-Tillé,12687,12733,25420
2022,Belfast - Aldergrove,18641,18594,37235
2022,Belfast - City Airport,10133,10142,20275
2022,Belgrade - Nikola Tesla,27783,27740,55523
2022,Bergamo,37056,37077,74133
2022,Bergen,39447,39532,78979
2022,Bergerac-Roumanière,1601,1704,3305
2022,Berlevåg,661,664,1325
2022,Berlin - Brandenburg,68557,68616,137173
2022,Biarritz-Bayonne-Anglet,5155,5199,10354
2022,Biggin Hill,11413,11463,22876
2022,Bilbao,17837,17852,35689
2022,Birmingham,33810,33836,67646
2022,Bodø,15948,15947,31895
2022,Bologna,30433,30437,60870
2022,Bordeaux-Mérignac,23751,23775,47526
2022,Bratislava,7559,7561,15120
2022,Bremen,8573,8797,17370
2022,Brest-Bretagne,5422,5406,10828
2022,Brindisi,10918,10925,21843
2022,Bristol,26298,26320,52618
2022,Brive-Souillac,1386,1427,2813
2022,Brno-Tuřany,3374,3408,6782
2022,Bronnoysund Bronnoy,2691,2692,5383
2022,Brussels,73610,73620,147230
2022,Bucharest - Băneasa,2684,2694,5378
2022,Bucharest - Otopeni,42709,42722,85431
2022,Budapest - Ferihegy,41280,41236,82516
2022,Burgos,470,367,837
2022,Bydgoszcz,1422,1413,2835
2022,Bâle-Mulhouse,28520,28560,57080
2022,Béziers-Vias,2484,2517,5001
2022,Caen-Carpiquet,2117,2159,4276
2022,Calvi-Sainte-Catherine,2995,3060,6055
2022,Cannes-Mandelieu,7945,7881,15826
2022,Carcassonne-Salvaza,2243,2334,4577
2022,Cascais,3368,3336,6704
2022,Catania,31856,31836,63692
2022,Chambéry-Aix-les-Bains,3142,3179,6321
2022,Charleroi,24471,24420,48891
2022,Chișinău,7802,7811,15613
2022,Châlons-Vatry,1577,1614,3191
2022,Châteauroux-Déols,1034,1073,2107
2022,Ciudad Real Central,84,71,155
2022,Clermont-Ferrand-Auvergne,3298,3345,6643
2022,Cologne-Bonn,50989,51442,102431
2022,Connaught,2418,2420,4838
2022,Copenhagen - Kastrup,84947,84975,169922
2022,Cordoba,194,196,390
2022,Corfu,14252,14267,28519
2022,Cork,8411,8397,16808
2022,Deauville-Normandie,1304,1342,2646
2022,Dinard-Pleurtuit-Saint-Malo,924,982,1906
2022,Donegal,665,667,1332
2022,Dresden,5245,5291,10536
2022,Dublin,88624,88655,177279
2022,Dusseldorf,60216,60283,120499
2022,Dôle-Tavaux,1242,1278,2520
2022,East Midlands,25352,25293,50645
2022,Edinburgh,41358,41366,82724
2022,Erfurt,1400,1473,2873
2022,Farnborough,13782,13851,27633
2022,Faro,26865,26877,53742
2022,Figari-Sud Corse,5896,5913,11809
2022,Flores,916,919,1835
2022,Florø,3497,3506,7003
2022,Forde Bringeland,1160,1160,2320
2022,Frankfurt,159707,159729,319436
2022,Fuerteventura,19688,19711,39399
2022,Gdansk,17382,17404,34786
2022,Geneva,65436,65427,130863
2022,Gerona,6096,6549,12645
2022,Glasgow,27274,27318,54592
2022,Gran Canaria,47541,47458,94999
2022,Granada,3790,3811,7601
2022,Graz,5958,6026,11984
2022,Grenoble-Isère,2930,3027,5957
2022,Groningen,4520,4588,9108
2022,Göteborg,19939,19959,39898
2022,Hamburg,43526,43691,87217
2022,Hammerfest,4181,4192,8373
2022,Hanover,19285,19390,38675
2022,Harstad - Narvik Evenes,4421,4419,8840
2022,Haugesund,3108,3102,6210
2022,Helsinki - Vantaa,55172,55161,110333
2022,Heraklion,27084,27085,54169
2022,Hierro,2210,2216,4426
2022,Honningsvåg Valan,819,813,1632
2022,Horta,2273,2277,4550
2022,Hyères-Le Palyvestre,4819,4834,9653
2022,Ibiza,36778,36785,73563
2022,Ibn Batouta,6505,6474,12979
2022,Innsbruck,6514,6512,13026
2022,Istanbul Atatürk,8161,8190,16351
2022,Istanbul Sabiha Gökçen,80925,80902,161827
2022,Istres-Le Tubé,1626,1581,3207
2022,Izmir - Adnan Menderes,27378,27363,54741
2022,Jerez De La Frontera,6153,6179,12332
2022,Karlovy Vary,445,496,941
2022,Katowice - Pyrzowice,16079,16095,32174
2022,Kaunas,4224,4225,8449
2022,Kefallinia,3775,3800,7575
2022,Kerry - Farranfore,1977,1976,3953
2022,Khania - Souda,12715,12696,25411
2022,Kiev - Boryspil,5010,4981,9991
2022,Kirkenes Høybuktmoen,2919,2921,5840
2022,Klagenfurt,2084,2075,4159
2022,Kos,10437,10401,20838
2022,Krakow - Balice,24234,24247,48481
2022,Kristiansand Kjevik,5026,5044,10070
2022,Kristiansund Kvernberget,3724,3752,7476
2022,La Coruna,3700,3700,7400
2022,La Gomera,888,887,1775
2022,La Palma,8471,8486,16957
2022,La Rochelle-Ile de Ré,1998,2075,4073
2022,Lakselv Banak,831,832,1663
2022,Lannion,236,243,479
2022,Lanzarote,25662,25654,51316
2022,Larnaca,21317,21308,42625
2022,Le Havre-Octeville,432,440,872
2022,Le Mans,720,771,1491
2022,Leipzig-Halle,32776,32803,65579
2022,Leknes,1966,1967,3933
2022,Lelystad,1255,1224,2479
2022,Leon,468,470,938
2022,Liepaja,525,528,1053
2022,Lille-Lesquin,8169,8193,16362
2022,Limoges-Bellegarde,2887,2951,5838
2022,Linz,4212,4329,8541
2022,Lisbon,84478,84416,168894
2022,Liège,14212,14203,28415
2022,Ljubljana,7428,7436,14864
2022,Lleida - Alguaire,1600,1674,3274
2022,Lodz - Lublinek,1422,1430,2852
2022,Logrono,244,238,482
2022,London - City,19272,19274,38546
2022,London - Gatwick,92676,92664,185340
2022,London - Heathrow,155586,155626,311212
2022,London - Luton,50288,50316,100604
2022,London - Stansted,74232,74251,148483
2022,Londonderry - Eglinton,1583,1585,3168
2022,Lorient-Lann Bihoué,1712,1676,3388
2022,Lublin,1542,1548,3090
2022,Luxembourg,29399,29456,58855
2022,Lučko,133,131,264
2022,Lyon-Bron,4304,4303,8607
2022,Lyon-Saint-Exupéry,33636,33623,67259
2022,Maastricht-Aachen,4230,4223,8453
2022,Madeira,11720,11715,23435
2022,Madrid - Barajas,145179,145160,290339
2022,Madrid - Cuatro Viento,1898,1416,3314
2022,Madrid - Getafe,451,469,920
2022,Madrid - Torrejon,761,791,1552
2022,Mahon,16633,16629,33262
2022,Malta,20617,20663,41280
2022,Manchester,67771,67768,135539
2022,Maribor,757,772,1529
2022,Marseille-Provence,38324,38459,76783
2022,Mehamn,1095,1097,2192
2022,Melilla,3902,3899,7801
2022,Menara,15639,15629,31268
2022,Metz-Nancy-Lorraine,976,1005,1981
2022,Mikonos,9367,9362,18729
2022,Milan - Linate,41612,41865,83477
2022,Milan - Malpensa,79182,79191,158373
2022,Mo i Rana Røssvoll,2090,2092,4182
2022,Mohammed V International,28242,28189,56431
2022,Molde Årø,2191,2192,4383
2022,Montijo,86,71,157
2022,Montpellier-Méditerranée,11009,11052,22061
2022,Mosjøen Kjærstad,1501,1502,3003
2022,Muenster-Osnabrueck,7682,8298,15980
2022,Munich,118682,118664,237346
2022,Murcia San Javier,57,76,133
2022,Málaga,60383,60382,120765
2022,Namsos Høknesøra,911,908,1819
2022,Nantes-Atlantique,19987,20030,40017
2022,Naples,37877,37875,75752
2022,Newcastle,15241,15259,30500
2022,Nice-Côte d’Azur,59189,59212,118401
2022,Noain Pamplona,1376,1377,2753
2022,Nuremberg,15611,15869,31480
2022,Nîmes-Garons,2093,1956,4049
2022,Olsztyn-Mazury,619,624,1243
2022,Orsta¿Volda Hovden,1826,1825,3651
2022,Oslo - Gardermoen,86241,86265,172506
2022,Ostend-Bruges,3240,3266,6506
2022,Ostrava,3179,3188,6367
2022,Palanga,1403,1403,2806
2022,Palermo Falcone-Borsellino,24575,24568,49143
2022,Palma - Son San Juan,36,31,67
2022,Palma de Mallorca,101260,101273,202533
2022,Paphos,9862,9874,19736
2022,Paris-Charles-de-Gaulle,170317,170251,340568
2022,Paris-Le Bourget,27581,27584,55165
2022,Paris-Orly,82923,82949,165872
2022,Pau-Pyrénées,3399,3410,6809
2022,Perpignan-Rivesaltes,5104,5104,10208
2022,Pisa San Giusto,17487,17457,34944
2022,Podgorica,5237,5242,10479
2022,Poitiers-Biard,1816,1951,3767
2022,Ponta Delgada,10132,10121,20253
2022,Porto,39187,39187,78374
2022,Porto Santo,1233,1244,2477
2022,Portorož,1013,1030,2043
2022,Poznan - Lawica,9815,9839,19654
2022,Prague,40869,40946,81815
2022,Quimper-Pluguffan,856,897,1753
2022,Rabat-Salé,4181,4265,8446
2022,Región de Murcia International Airport,3008,3010,6018
2022,Rennes-Saint-Jacques,5334,5351,10685
2022,Reus,3888,4023,7911
2022,Riga,22836,22847,45683
2022,Rodez-Marcillac,1431,1500,2931
2022,Rodos,20368,20387,40755
2022,Rome - Ciampino,17025,17138,34163
2022,Rome - Fiumicino,89011,88985,177996
2022,Roros,509,506,1015
2022,Rorvik Ryum,1049,1048,2097
2022,Rost,507,509,1016
2022,Rota,2241,2218,4459
2022,Rotterdam,11832,11897,23729
2022,Rouen,1412,1510,2922
2022,Rzeszow - Jasionka,6126,6161,12287
2022,Saarbruecken,2345,2455,4800
2022,Sabadell,1452,736,2188
2022,Saint-Etienne-Bouthéon,711,756,1467
2022,Saint-Nazaire-Montoir,1138,1176,2314
2022,Salamanca Matalan,1211,1240,2451
2022,Salzburg,10572,10608,21180
2022,San Sebastian,1964,1962,3926
2022,Sandane  Anda,894,896,1790
2022,Sandnessjøen Stokka,1488,1490,2978
2022,Santa Maria,1254,1244,2498
2022,Santander,4116,4118,8234
2022,Santiago,10271,10262,20533
2022,Santorini,11477,11472,22949
2022,Sarajevo,6561,6558,13119
2022,Saïss,4570,4574,9144
2022,Sevilla,22172,22183,44355
2022,Seville - Moron,1593,1572,3165
2022,Shannon,8717,8715,17432
2022,Siauliai,1653,1657,3310
2022,Sion,3869,3842,7711
2022,Skiathos,2340,2355,4695
2022,Skopje,7158,7149,14307
2022,Sligo,17,26,43
2022,Sofia,22277,22282,44559
2022,Sogndal Haukåsen,2022,2021,4043
2022,Son Bonet,533,513,1046
2022,Sorkjosen,710,707,1417
2022,Southampton,8304,8369,16673
2022,Stavanger,24887,25009,49896
2022,Stockholm - Arlanda,70921,70882,141803
2022,Stockholm - Bromma,13434,13452,26886
2022,Stokmarknes Skagen,2165,2166,4331
2022,Strasbourg-Entzheim,5307,5325,10632
2022,Stuttgart,32888,32888,65776
2022,Svalbard Longyear,973,969,1942
2022,Svolvær Helle,1634,1632,3266
2022,Szczecin - Goleniów,2146,2148,4294
2022,Tallinn,14494,14477,28971
2022,Tarbes-Lourdes Pyrénées,2784,2931,5715
2022,Tartu,636,652,1288
2022,Tbilisi,12064,12071,24135
2022,Tel Aviv - Ben Gurion International,59270,59209,118479
2022,Tenerife North,27440,27447,54887
2022,Tenerife Sur - Reina Sofia,28194,28178,56372
2022,Thessaloniki,21475,21491,42966
2022,Tirana,16380,16372,32752
2022,Torino Caselle,15873,16074,31947
2022,Toulouse-Blagnac,28882,28755,57637
2022,Tours-Val de Loire,1598,1517,3115
2022,Toussus-le-Noble,5052,4922,9974
2022,Treviso,7948,7923,15871
2022,Tromsø,16885,16884,33769
2022,Trondheim,22697,22697,45394
2022,Vadsø,2590,2593,5183
2022,Valencia,29518,29475,58993
2022,Valencia - Requena,140,213,353
2022,Valladolid,1214,1654,2868
2022,Vardø Svartnes,866,865,1731
2022,Venice,34151,34163,68314
2022,Ventspils,6,4,10
2022,Vienna,85833,85900,171733
2022,Vigo,4204,4216,8420
2022,Vilnius,15489,15492,30981
2022,Vitoria,4489,4522,9011
2022,Værøy,474,473,947
2022,Warszawa - Chopina,60783,60695,121478
2022,Warszawa - Modlin,9217,9210,18427
2022,Waterford,227,234,461
2022,Weston,306,312,618
2022,Wroclaw - Strachowice,11261,11263,22524
2022,Yerevan,14115,14110,28225
2022,Zagreb,17475,17464,34939
2022,Zakinthos,6566,6561,13127
2022,Zaragoza,3796,3784,7580
2022,Zielona Gora - Babimost,446,449,895
2022,Zürich,88396,88406,176802
2022,iGA Istanbul Airport,174113,174102,348215
